2023-05-02T16:39:42.6967876Z 1683045582.696788 60.000000 2244 eziemag AAAAAPeiZQ0A 39.255640 -76.956960 152.600000 3 22.375000 800 -5237.223911 42804.972525 29860.712750 0 0 0.025125 -9.879965 0.514457 0.001985 -0.007941 0.011301 23.652344
2023-05-02T16:40:42.7203472Z 1683045642.720347 60.000000 2246 eziemag AAAAAPeiZQ0A 39.255640 -76.956960 152.600000 3 22.437500 800 -5333.570971 43237.576163 29234.831975 0 0 0.026321 -9.860822 0.429512 0.001069 -0.006109 0.011148 23.734375
2023-05-02T16:41:42.733377Z 1683045702.733377 60.000000 2246 eziemag AAAAAPeiZQ0A 39.255640 -76.956960 152.600000 3 22.500000 800 -1967.546761 41630.179052 28519.750392 0 0 0.008973 -9.882357 0.361914 0.002902 -0.006414 0.011759 23.761719
2023-05-02T16:42:42.7585857Z 1683045762.758586 60.000000 2245 eziemag AAAAAPeiZQ0A 39.255640 -76.956960 152.600000 3 22.500000 800 1849.597606 40620.180734 28233.569920 0 0 0.013759 -9.872786 0.327218 0.003360 -0.006567 0.012828 23.781250
2023-05-02T16:43:42.7767284Z 1683045822.776728 60.000000 2247 eziemag AAAAAPeiZQ0A 39.255640 -76.956960 152.600000 3 22.562500 800 -280.341051 42661.761270 26277.714984 0 0 0.016750 -9.886545 0.352343 0.001374 -0.005956 0.012065 23.816406
2023-05-02T16:44:42.7948952Z 1683045882.794895 60.000000 2247 eziemag AAAAAPeiZQ0A 39.255640 -76.956960 152.600000 3 22.562500 800 -254.587183 42697.474955 26254.474432 0 0 0.003589 -9.879965 0.334397 0.001680 -0.007025 0.011912 23.882812
2023-05-02T16:45:42.8133366Z 1683045942.813337 60.000000 2232 eziemag AAAAAPeiZQ0A 39.255640 -76.956960 152.600000 3 22.625000 800 -255.367776 43051.605955 25928.351151 0 0 0.010768 -9.884750 0.326620 0.000764 -0.006414 0.011912 23.859375
2023-05-02T16:46:42.8193595Z 1683046002.819360 60.000000 2245 eziemag AAAAAPeiZQ0A 39.255640 -76.956960 152.600000 3 22.625000 800 -223.696242 43140.404456 25824.837395 0 0 0.019741 -9.873384 0.327817 -0.000611 -0.006109 0.011301 23.894531
2023-05-02T16:47:42.8269153Z 1683046062.826915 60.000000 2245 eziemag AAAAAPeiZQ0A 39.255640 -76.956960 152.600000 3 22.687500 800 -222.123813 43138.631691 25792.701948 0 0 0.022732 -9.878170 0.327817 0.000153 -0.005803 0.011606 23.949219
2023-05-02T16:48:42.842717Z 1683046122.842717 60.000000 2245 eziemag AAAAAPeiZQ0A 39.255640 -76.956960 152.600000 3 22.687500 800 -224.892736 43125.748075 25783.466890 0 0 0.035892 -9.878170 0.287737 0.004123 -0.007025 0.013897 23.937500
2023-05-02T16:49:42.8526347Z 1683046182.852635 60.000000 2246 eziemag AAAAAPeiZQ0A 39.255640 -76.956960 152.600000 3 22.750000 800 -226.756546 43112.668212 25770.916894 0 0 0.005982 -9.870393 0.337388 0.001680 -0.006109 0.011301 23.929688
2023-05-02T16:50:42.8737292Z 1683046242.873729 60.000000 2245 eziemag AAAAAPeiZQ0A 39.255640 -76.956960 152.600000 3 22.812500 800 -292.852590 43110.041773 25733.580900 0 0 0.023928 -9.869795 0.333201 0.000458 -0.006567 0.012217 24.007812
2023-05-02T16:51:42.8752902Z 1683046302.875290 60.000000 2247 eziemag AAAAAPeiZQ0A 39.255640 -76.956960 152.600000 3 22.812500 800 -333.360170 43102.299828 25611.489094 0 0 0.021535 -9.878170 0.329611 0.000305 -0.006261 0.012217 23.960938
2023-05-02T16:52:42.897461Z 1683046362.897461 60.000000 2246 eziemag AAAAAPeiZQ0A 39.255640 -76.956960 152.600000 3 22.875000 800 -338.031462 43100.576125 25622.784745 0 0 0.020339 -9.868000 0.321835 0.000916 -0.006720 0.011759 23.988281
2023-05-02T16:53:42.9016848Z 1683046422.901685 60.000000 2247 eziemag AAAAAPeiZQ0A 39.255640 -76.956960 152.600000 3 22.937500 800 -342.266232 43113.701779 25611.865234 0 0 0.016750 -9.873384 0.324227 0.000611 -0.006872 0.011759 24.035156
2023-05-02T16:54:42.9207382Z 1683046482.920738 60.000000 2194 eziemag AAAAAPeiZQ0A 39.255640 -76.956960 152.600000 3 22.937500 800 -347.601775 43108.167614 25612.328050 0 0 0.011366 -9.873384 0.320638 0.000764 -0.006720 0.011606 24.035156
2023-05-02T16:55:42.9400802Z 1683046542.940080 60.000000 2243 eziemag AAAAAPeiZQ0A 39.255640 -76.956960 152.600000 3 22.937500 800 -346.154223 43115.968432 25616.568621 0 0 0.017946 -9.874581 0.325424 0.000305 -0.006567 0.011148 24.019531
2023-05-02T16:56:42.9665608Z 1683046602.966561 60.000000 2245 eziemag AAAAAPeiZQ0A 39.255640 -76.956960 152.600000 3 23.000000 800 -351.079384 43114.866178 25618.192565 0 0 0.022732 -9.868599 0.327817 0.000611 -0.005956 0.011912 24.035156
2023-05-02T16:57:42.9748785Z 1683046662.974879 60.000000 2245 eziemag AAAAAPeiZQ0A 39.255640 -76.956960 152.600000 3 23.062500 800 -352.286303 43115.896475 25622.171473 0 0 0.017946 -9.869197 0.330210 0.000916 -0.006109 0.011454 24.089844
2023-05-02T16:58:42.9748812Z 1683046722.974881 60.000000 2246 eziemag AAAAAPeiZQ0A 39.255640 -76.956960 152.600000 3 23.000000 800 -352.162269 43113.574219 25616.553903 0 0 0.014357 -9.872786 0.314656 0.000611 -0.006414 0.011606 24.097656
2023-05-02T16:59:42.994841Z 1683046782.994841 60.000000 2245 eziemag AAAAAPeiZQ0A 39.255640 -76.956960 152.600000 3 23.062500 800 -342.050488 43115.844142 25605.351469 0 0 0.022732 -9.875179 0.317049 -0.000305 -0.006414 0.011759 24.070312
