2023-05-02T17:00:42.9969609Z 1683046842.996961 60.000000 2246 eziemag AAAAAPeiZQ0A 39.255640 -76.956960 152.600000 3 23.062500 800 -334.779102 43114.447518 25602.970339 0 0 0.025723 -9.877572 0.318245 0.000764 -0.005956 0.011759 24.113281
2023-05-02T17:01:43.0199723Z 1683046903.019972 60.000000 2246 eziemag AAAAAPeiZQ0A 39.255640 -76.956960 152.600000 3 23.125000 800 -326.620644 43118.421520 25603.173127 0 0 0.011964 -9.865009 0.319442 0.000611 -0.006414 0.011606 24.125000
2023-05-02T17:02:43.027847Z 1683046963.027847 60.000000 2246 eziemag AAAAAPeiZQ0A 39.255640 -76.956960 152.600000 3 23.187500 800 -328.175978 43119.422380 25604.762728 0 0 0.022732 -9.878170 0.305085 0.001374 -0.006109 0.011606 24.109375
2023-05-02T17:03:43.0542269Z 1683047023.054227 60.000000 2244 eziemag AAAAAPeiZQ0A 39.255640 -76.956960 152.600000 3 23.187500 800 -327.319212 43117.914548 25599.650493 0 0 0.000000 -9.879366 0.317647 0.001069 -0.006109 0.011148 24.148438
2023-05-02T17:04:43.0674376Z 1683047083.067438 60.000000 2246 eziemag AAAAAPeiZQ0A 39.255640 -76.956960 152.600000 3 23.250000 800 -326.138970 43117.973423 25601.110898 0 0 0.015553 -9.867402 0.316451 -0.000153 -0.005956 0.011454 24.148438
2023-05-02T17:05:43.0774944Z 1683047143.077494 60.000000 2245 eziemag AAAAAPeiZQ0A 39.255640 -76.956960 152.600000 3 23.250000 800 -327.526983 43118.460769 25602.687416 0 0 0.010169 -9.879366 0.312862 -0.000305 -0.006261 0.011606 24.273438
2023-05-02T17:06:43.101126Z 1683047203.101126 60.000000 2245 eziemag AAAAAPeiZQ0A 39.255640 -76.956960 152.600000 3 23.312500 800 -326.734789 43118.150045 25609.125953 0 0 0.016152 -9.873384 0.315254 0.001069 -0.006720 0.012217 24.285156
2023-05-02T17:07:43.1039877Z 1683047263.103988 60.000000 2244 eziemag AAAAAPeiZQ0A 39.255640 -76.956960 152.600000 3 23.312500 800 -328.022200 43119.023344 25608.988580 0 0 0.026321 -9.875179 0.321236 0.000611 -0.006414 0.011606 24.222656
2023-05-02T17:08:43.1139586Z 1683047323.113959 60.000000 2245 eziemag AAAAAPeiZQ0A 39.255640 -76.956960 152.600000 3 23.375000 800 -326.628872 43118.339750 25611.664081 0 0 0.012562 -9.873982 0.331406 0.000458 -0.006261 0.011454 24.320312
2023-05-02T17:09:43.1375322Z 1683047383.137532 60.000000 2245 eziemag AAAAAPeiZQ0A 39.255640 -76.956960 152.600000 3 23.375000 800 -323.967349 43117.420660 25611.619926 0 0 0.019143 -9.875777 0.310469 0.001527 -0.006872 0.011759 24.339844
2023-05-02T17:10:43.143339Z 1683047443.143339 60.000000 2246 eziemag AAAAAPeiZQ0A 39.255640 -76.956960 152.600000 3 23.375000 800 -340.827497 43119.553211 25613.634728 0 0 0.012562 -9.873384 0.315254 0.001222 -0.006109 0.012217 24.347656
2023-05-02T17:11:43.147832Z 1683047503.147832 60.000000 2245 eziemag AAAAAPeiZQ0A 39.255640 -76.956960 152.600000 3 23.437500 800 -346.876734 43122.212358 25619.309538 0 0 0.022134 -9.871590 0.320040 0.001527 -0.005956 0.011454 24.371094
2023-05-02T17:12:43.1613398Z 1683047563.161340 60.000000 2246 eziemag AAAAAPeiZQ0A 39.255640 -76.956960 152.600000 3 23.437500 800 -342.624409 43124.367804 25619.582648 0 0 0.028714 -9.875777 0.323629 0.000764 -0.005956 0.011759 24.332031
2023-05-02T17:13:43.1719873Z 1683047623.171987 60.000000 2246 eziemag AAAAAPeiZQ0A 39.255640 -76.956960 152.600000 3 23.437500 800 -340.016266 43124.910754 25619.152540 0 0 0.024526 -9.878768 0.315853 0.001069 -0.005956 0.011148 24.363281
2023-05-02T17:14:43.190857Z 1683047683.190857 60.000000 2244 eziemag AAAAAPeiZQ0A 39.255640 -76.956960 152.600000 3 23.437500 800 -341.693948 43124.122496 25619.018438 0 0 0.029910 -9.873384 0.320638 0.000305 -0.006567 0.011759 24.367188
2023-05-02T17:15:43.1916318Z 1683047743.191632 60.000000 2242 eziemag AAAAAPeiZQ0A 39.255640 -76.956960 152.600000 3 23.500000 800 -340.040285 43125.381747 25621.294903 0 0 0.005384 -9.878170 0.328415 0.001069 -0.006261 0.012065 24.417969
2023-05-02T17:16:43.1940908Z 1683047803.194091 60.000000 2245 eziemag AAAAAPeiZQ0A 39.255640 -76.956960 152.600000 3 23.500000 800 -340.979307 43123.209947 25618.029026 0 0 0.018544 -9.864411 0.322433 0.000458 -0.006109 0.011454 24.429688
2023-05-02T17:17:43.1968136Z 1683047863.196814 60.000000 2245 eziemag AAAAAPeiZQ0A 39.255640 -76.956960 152.600000 3 23.562500 800 -342.248907 43122.961367 25616.302052 0 0 0.010768 -9.876973 0.322433 -0.000153 -0.005803 0.011301 24.480469
2023-05-02T17:18:43.204338Z 1683047923.204338 60.000000 2247 eziemag AAAAAPeiZQ0A 39.255640 -76.956960 152.600000 3 23.562500 800 -324.282673 43134.674043 25601.061836 0 0 0.017946 -9.873384 0.330210 0.001222 -0.006567 0.012370 24.476562
2023-05-02T17:19:43.2206998Z 1683047983.220700 60.000000 2246 eziemag AAAAAPeiZQ0A 39.255640 -76.956960 152.600000 3 23.562500 800 -307.456945 43140.384831 25584.460975 0 0 0.023330 -9.880563 0.296710 0.000916 -0.006109 0.011606 24.449219
2023-05-02T17:20:43.2348478Z 1683048043.234848 60.000000 2246 eziemag AAAAAPeiZQ0A 39.255640 -76.956960 152.600000 3 23.562500 800 -310.066595 43141.719311 25570.622290 0 0 0.022134 -9.878170 0.317049 0.000305 -0.005803 0.011454 24.519531
2023-05-02T17:21:43.2700162Z 1683048103.270016 60.000000 2248 eziemag AAAAAPeiZQ0A 39.255640 -76.956960 152.600000 3 23.625000 800 -310.203432 43142.556631 25581.842713 0 0 0.008973 -9.872786 0.323629 0.000153 -0.006261 0.010996 24.542969
2023-05-02T17:22:43.2855399Z 1683048163.285540 60.000000 2246 eziemag AAAAAPeiZQ0A 39.255640 -76.956960 152.600000 3 23.625000 800 -314.850423 43138.942416 25579.796838 0 0 0.002991 -9.876973 0.333799 0.000458 -0.005651 0.011454 24.457031
2023-05-02T17:23:43.3047695Z 1683048223.304770 60.000000 2242 eziemag AAAAAPeiZQ0A 39.255640 -76.956960 152.600000 3 23.625000 800 -318.556783 43139.815715 25578.689677 0 0 0.009571 -9.885348 0.309871 0.000611 -0.006567 0.011454 24.503906
2023-05-02T17:24:43.3099415Z 1683048283.309942 60.000000 2246 eziemag AAAAAPeiZQ0A 39.255640 -76.956960 152.600000 3 23.625000 800 -317.449623 43140.993197 25583.772475 0 0 0.017348 -9.875179 0.313460 0.001069 -0.006414 0.011759 24.550781
2023-05-02T17:25:43.3113763Z 1683048343.311376 60.000000 2246 eziemag AAAAAPeiZQ0A 39.255640 -76.956960 152.600000 3 23.625000 800 -313.523251 43141.222152 25579.026568 0 0 0.024526 -9.881759 0.313460 0.000916 -0.005956 0.011301 24.515625
2023-05-02T17:26:43.3147922Z 1683048403.314792 60.000000 2246 eziemag AAAAAPeiZQ0A 39.255640 -76.956960 152.600000 3 23.625000 800 -314.929458 43140.319415 25577.911231 0 0 0.016152 -9.875777 0.325424 0.000153 -0.005956 0.011759 24.515625
2023-05-02T17:27:43.3368487Z 1683048463.336849 60.000000 2245 eziemag AAAAAPeiZQ0A 39.255640 -76.956960 152.600000 3 23.625000 800 -316.992786 43138.945686 25578.481983 0 0 0.020339 -9.885947 0.317647 0.001374 -0.007178 0.011454 24.562500
2023-05-02T17:28:43.3390734Z 1683048523.339073 60.000000 2246 eziemag AAAAAPeiZQ0A 39.255640 -76.956960 152.600000 3 23.625000 800 -312.667277 43138.677482 25576.187528 0 0 0.064008 -9.879366 0.306281 -0.000611 -0.006872 0.009774 24.503906
2023-05-02T17:29:43.356764Z 1683048583.356764 60.000000 2247 eziemag AAAAAPeiZQ0A 39.255640 -76.956960 152.600000 3 23.687500 800 -305.555316 43145.549398 25573.670660 0 0 0.021535 -9.873982 0.318245 0.000611 -0.006414 0.011606 24.582031
2023-05-02T17:30:43.3757398Z 1683048643.375740 60.000000 2246 eziemag AAAAAPeiZQ0A 39.255640 -76.956960 152.600000 3 23.687500 800 -279.223669 43162.276185 25566.255794 0 0 0.026919 -9.878768 0.314058 0.000764 -0.006414 0.011606 24.507812
2023-05-02T17:31:43.3910496Z 1683048703.391050 60.000000 2243 eziemag AAAAAPeiZQ0A 39.255640 -76.956960 152.600000 3 23.750000 800 -278.094968 43161.252430 25567.250112 0 0 0.015553 -9.881759 0.312263 0.000458 -0.006567 0.011912 24.589844
2023-05-02T17:32:43.4177194Z 1683048763.417719 60.000000 2247 eziemag AAAAAPeiZQ0A 39.255640 -76.956960 152.600000 3 23.687500 800 -271.686864 43161.782297 25567.842124 0 0 0.016750 -9.872786 0.318245 0.000458 -0.006414 0.011606 24.542969
2023-05-02T17:33:43.428833Z 1683048823.428833 60.000000 2247 eziemag AAAAAPeiZQ0A 39.255640 -76.956960 152.600000 3 23.750000 800 -275.261217 43161.065995 25566.124963 0 0 0.011366 -9.881759 0.317049 0.000305 -0.006109 0.011759 24.605469
2023-05-02T17:34:43.4527767Z 1683048883.452777 60.000000 2246 eziemag AAAAAPeiZQ0A 39.255640 -76.956960 152.600000 3 23.750000 800 -275.811757 43162.292539 25566.280325 0 0 0.013161 -9.868599 0.319442 0.000611 -0.005651 0.011606 24.574219
2023-05-02T17:35:43.4712102Z 1683048943.471210 60.000000 2246 eziemag AAAAAPeiZQ0A 39.255640 -76.956960 152.600000 3 23.812500 800 -274.198264 43160.369318 25564.484665 0 0 0.001196 -9.878768 0.311067 0.000611 -0.006261 0.011454 24.636719
2023-05-02T17:36:43.4755871Z 1683049003.475587 60.000000 2246 eziemag AAAAAPeiZQ0A 39.255640 -76.956960 152.600000 3 23.687500 800 -274.445796 43161.020204 25565.438098 0 0 0.022134 -9.879965 0.322433 0.000458 -0.005956 0.011606 24.593750
2023-05-02T17:37:43.492744Z 1683049063.492744 60.000000 2247 eziemag AAAAAPeiZQ0A 39.255640 -76.956960 152.600000 3 23.750000 800 -267.443253 43167.977161 25558.508943 0 0 0.014357 -9.877572 0.309272 0.000611 -0.006261 0.011454 24.679688
2023-05-02T17:38:43.5100605Z 1683049123.510061 60.000000 2223 eziemag AAAAAPeiZQ0A 39.255640 -76.956960 152.600000 3 23.812500 800 -267.825066 43167.751477 25560.939135 0 0 0.021535 -9.878170 0.315254 0.000458 -0.006261 0.011606 24.566406
2023-05-02T17:39:43.5219173Z 1683049183.521917 60.000000 2244 eziemag AAAAAPeiZQ0A 39.255640 -76.956960 152.600000 3 23.812500 800 -269.269449 43165.622196 25561.657072 0 0 0.022732 -9.876973 0.311067 0.000916 -0.006109 0.011454 24.640625
2023-05-02T17:40:43.544618Z 1683049243.544618 60.000000 2247 eziemag AAAAAPeiZQ0A 39.255640 -76.956960 152.600000 3 23.812500 800 -269.245327 43165.723591 25564.620402 0 0 0.012562 -9.876973 0.322433 0.000611 -0.005803 0.011606 24.683594
2023-05-02T17:41:43.5588868Z 1683049303.558887 60.000000 2247 eziemag AAAAAPeiZQ0A 39.255640 -76.956960 152.600000 3 23.812500 800 -267.903820 43165.615655 25563.567210 0 0 0.017348 -9.870393 0.314656 0.000458 -0.006567 0.011301 24.714844
2023-05-02T17:42:43.5738833Z 1683049363.573883 60.000000 2245 eziemag AAAAAPeiZQ0A 39.255640 -76.956960 152.600000 3 23.875000 800 -267.411465 43164.601712 25560.636588 0 0 0.011366 -9.875179 0.319442 0.000916 -0.006109 0.011606 24.644531
2023-05-02T17:43:43.588609Z 1683049423.588609 60.000000 2245 eziemag AAAAAPeiZQ0A 39.255640 -76.956960 152.600000 3 23.812500 800 -269.707478 43166.927239 25564.317855 0 0 0.017946 -9.879965 0.329013 0.000764 -0.006414 0.011759 24.648438
2023-05-02T17:44:43.611395Z 1683049483.611395 60.000000 2246 eziemag AAAAAPeiZQ0A 39.255640 -76.956960 152.600000 3 23.812500 800 -274.414493 43166.838928 25562.182033 0 0 0.015553 -9.880563 0.302094 0.001527 -0.006414 0.011454 24.656250
2023-05-02T17:45:43.6159415Z 1683049543.615942 60.000000 2245 eziemag AAAAAPeiZQ0A 39.255640 -76.956960 152.600000 3 23.875000 800 -273.908621 43166.505308 25553.319845 0 0 0.011964 -9.873982 0.315853 0.000916 -0.006567 0.011759 24.664062
2023-05-02T17:46:43.6286602Z 1683049603.628660 60.000000 2247 eziemag AAAAAPeiZQ0A 39.255640 -76.956960 152.600000 3 23.812500 800 -272.654224 43166.122626 25554.341965 0 0 0.016750 -9.884750 0.302094 0.000611 -0.006872 0.011301 24.636719
2023-05-02T17:47:43.64475Z 1683049663.644750 60.000000 2245 eziemag AAAAAPeiZQ0A 39.255640 -76.956960 152.600000 3 23.812500 800 -271.806554 43167.228151 25553.851348 0 0 0.013759 -9.884152 0.308076 0.001222 -0.006720 0.011759 24.625000
2023-05-02T17:48:43.6688817Z 1683049723.668882 60.000000 2245 eziemag AAAAAPeiZQ0A 39.255640 -76.956960 152.600000 3 23.812500 800 2748.937346 38393.212190 24452.388840 0 0 -0.083749 -9.895518 0.313460 -0.003665 -0.007789 -0.007178 24.632812
2023-05-02T17:49:43.6864614Z 1683049783.686461 60.000000 2247 eziemag AAAAAPeiZQ0A 39.255640 -76.956960 152.600000 3 23.812500 800 -4386.288292 29778.622626 24812.740870 0 0 -0.128016 -9.883554 0.271585 0.000916 -0.007330 0.011606 24.699219
2023-05-02T17:50:43.698688Z 1683049843.698688 60.000000 2246 eziemag AAAAAPeiZQ0A 39.255640 -76.956960 152.600000 3 23.875000 800 -4545.277397 29957.161614 24947.999215 0 0 -0.127418 -9.887143 0.257228 0.000916 -0.005803 0.011912 24.796875
2023-05-02T17:51:43.7203796Z 1683049903.720380 60.000000 2245 eziemag AAAAAPeiZQ0A 39.255640 -76.956960 152.600000 3 23.875000 800 -4572.517709 29986.278129 24944.800389 0 0 -0.129212 -9.881161 0.259621 0.000458 -0.006872 0.011606 24.863281
2023-05-02T17:52:43.7378294Z 1683049963.737829 60.000000 2247 eziemag AAAAAPeiZQ0A 39.255640 -76.956960 152.600000 3 23.937500 800 -4575.201796 30005.611730 24956.668427 0 0 -0.128614 -9.875179 0.255434 0.001222 -0.006720 0.012217 25.027344
2023-05-02T17:53:43.7465692Z 1683050023.746569 60.000000 2245 eziemag AAAAAPeiZQ0A 39.255640 -76.956960 152.600000 3 24.000000 800 -4559.671298 30037.711199 24976.831172 0 0 -0.122034 -9.877572 0.252443 0.001222 -0.006261 0.011759 25.035156
2023-05-02T17:54:43.746571Z 1683050083.746571 60.000000 2245 eziemag AAAAAPeiZQ0A 39.255640 -76.956960 152.600000 3 24.000000 800 -4573.511209 30038.463479 24976.912941 0 0 -0.135194 -9.873982 0.246461 0.000458 -0.006414 0.011148 25.085938
2023-05-02T17:55:43.750419Z 1683050143.750419 60.000000 2245 eziemag AAAAAPeiZQ0A 39.255640 -76.956960 152.600000 3 24.062500 800 -4745.190138 30091.885186 24993.252140 0 0 -0.110668 -9.873982 0.233300 0.001069 -0.006872 0.011759 25.125000
2023-05-02T17:56:43.7521157Z 1683050203.752116 60.000000 2246 eziemag AAAAAPeiZQ0A 39.255640 -76.956960 152.600000 3 24.062500 800 -5006.851999 30239.319023 25025.461180 0 0 -0.137587 -9.883554 0.247657 0.001527 -0.006567 0.011759 25.156250
2023-05-02T17:57:43.7694054Z 1683050263.769405 60.000000 2246 eziemag AAAAAPeiZQ0A 39.255640 -76.956960 152.600000 3 24.062500 800 -5015.384656 30235.786577 25023.690051 0 0 -0.142373 -9.866804 0.244666 -0.000305 -0.005956 0.011912 25.167969
2023-05-02T17:58:43.7694423Z 1683050323.769442 60.000000 2248 eziemag AAAAAPeiZQ0A 39.255640 -76.956960 152.600000 3 24.125000 800 -5053.537936 30224.397709 25019.469105 0 0 -0.108275 -9.882357 0.226122 0.001527 -0.004429 0.011606 25.191406
2023-05-02T17:59:43.7777789Z 1683050383.777779 60.000000 2248 eziemag AAAAAPeiZQ0A 39.255640 -76.956960 152.600000 3 24.125000 800 -5046.553587 30225.702751 25017.630925 0 0 -0.135194 -9.876973 0.258425 0.001527 -0.007025 0.011606 25.246094
