2023-05-06T14:00:10.4858875Z 1683381610.485888 60.000000 2261 eziemag AAAAAPeiZQ0A 40.014298 -78.362310 351.500000 3 27.750000 800 11706.243692 41371.204957 -4827.083197 0 0 -0.626321 -7.312466 6.544968 0.409127 0.138056 0.020769 35.703125
2023-05-06T14:01:10.5029638Z 1683381670.502964 60.000000 2262 eziemag AAAAAPeiZQ0A 40.014287 -78.362353 355.700000 3 28.250000 800 12958.369117 46672.602048 5200.435773 0 0 0.154935 -9.872786 -0.523430 0.000916 -0.005803 0.010079 35.468750
2023-05-06T14:02:10.5267255Z 1683381730.526726 60.000000 2250 eziemag AAAAAPeiZQ0A 40.014270 -78.362387 355.500000 3 28.437500 800 12780.302758 46593.871019 5928.618071 0 0 0.131007 -9.881161 -0.358923 0.000000 -0.006261 0.009774 35.230469
2023-05-06T14:03:10.5438507Z 1683381790.543851 60.000000 2261 eziemag AAAAAPeiZQ0A 40.014228 -78.362433 355.200000 3 28.312500 800 11758.921296 45973.848217 -1207.813975 0 0 0.141775 -9.876973 -0.445663 0.001680 -0.006109 0.010537 34.925781
2023-05-06T14:04:10.5699837Z 1683381850.569984 60.000000 2264 eziemag AAAAAPeiZQ0A 40.014230 -78.362447 355.100000 3 28.625000 800 12588.070635 46712.440191 5020.290013 0 0 0.126221 -9.875179 -0.332004 0.000153 -0.005803 0.010537 34.855469
2023-05-06T14:05:10.573521Z 1683381910.573521 60.000000 2242 eziemag AAAAAPeiZQ0A 40.014202 -78.362437 354.700000 3 29.125000 800 12486.435126 46994.267251 4851.617753 0 0 -0.053839 -9.866206 -0.361914 -0.001527 -0.005956 0.009621 34.878906
2023-05-06T14:06:10.5985396Z 1683381970.598540 60.000000 2264 eziemag AAAAAPeiZQ0A 40.014230 -78.362452 354.700000 3 29.562500 800 12304.223049 47144.451817 4322.418885 0 0 -0.013161 -9.879965 -0.342174 0.001833 -0.005803 0.010537 35.011719
2023-05-06T14:07:10.5992787Z 1683382030.599279 60.000000 2262 eziemag AAAAAPeiZQ0A 40.014223 -78.362447 354.900000 3 29.937500 800 12164.049534 47111.011326 4403.792298 0 0 -0.053240 -9.870991 -0.385244 -0.001222 -0.006109 0.009010 35.066406
2023-05-06T14:08:10.6074533Z 1683382090.607453 60.000000 2232 eziemag AAAAAPeiZQ0A 40.014242 -78.362447 354.900000 3 30.187500 800 12265.442187 47172.017980 4393.500778 0 0 -0.018544 -9.876375 -0.361914 0.000458 -0.006261 0.010385 34.933594
2023-05-06T14:09:10.616677Z 1683382150.616677 60.000000 2263 eziemag AAAAAPeiZQ0A 40.014232 -78.362470 355.200000 3 30.312500 800 12281.899951 47172.040875 4360.354249 0 0 -0.008973 -9.868000 -0.365504 0.000764 -0.005803 0.010232 34.644531
2023-05-06T14:10:10.619448Z 1683382210.619448 60.000000 2262 eziemag AAAAAPeiZQ0A 40.014223 -78.362445 354.700000 3 30.312500 800 12278.507331 47172.488973 4356.578130 0 0 -0.017348 -9.870393 -0.351745 0.000458 -0.005345 0.010843 34.441406
2023-05-06T14:11:10.6392703Z 1683382270.639270 60.000000 2261 eziemag AAAAAPeiZQ0A 40.014282 -78.362427 352.300000 3 30.187500 800 11047.704961 47265.058687 6438.442044 0 0 -0.038883 -9.879965 -0.334995 0.000611 -0.006109 0.009927 34.003906
2023-05-06T14:12:10.6548042Z 1683382330.654804 60.000000 2246 eziemag AAAAAPeiZQ0A 40.014273 -78.362448 352.200000 3 29.562500 800 9953.909170 47324.959816 8215.972638 0 0 -0.032901 -9.876973 -0.339781 0.001069 -0.006109 0.010537 33.425781
2023-05-06T14:13:10.6584077Z 1683382390.658408 60.000000 2257 eziemag AAAAAPeiZQ0A 40.014298 -78.362467 350.800000 3 29.062500 800 7857.763789 47018.942042 10346.323055 0 0 0.061615 -9.884750 -0.242871 0.000458 -0.005651 0.010385 32.847656
2023-05-06T14:14:10.6612382Z 1683382450.661238 60.000000 2257 eziemag AAAAAPeiZQ0A 40.014277 -78.362488 350.600000 3 28.750000 800 6136.106354 47187.413558 12670.972731 0 0 0.053240 -9.872786 -0.246461 0.000305 -0.005956 0.010690 32.476562
2023-05-06T14:15:10.6871107Z 1683382510.687111 60.000000 2257 eziemag AAAAAPeiZQ0A 40.014293 -78.362470 350.300000 3 28.875000 800 6130.369400 47176.113001 12666.577616 0 0 0.051446 -9.886545 -0.233898 0.000611 -0.005956 0.010232 32.484375
2023-05-06T14:16:10.6882842Z 1683382570.688284 60.000000 2256 eziemag AAAAAPeiZQ0A 40.014282 -78.362493 350.200000 3 29.312500 800 6126.380679 47192.031904 12657.813551 0 0 0.062812 -9.879366 -0.229113 0.000764 -0.006109 0.010996 32.707031
2023-05-06T14:17:10.7108092Z 1683382630.710809 60.000000 2258 eziemag AAAAAPeiZQ0A 40.014287 -78.362478 350.200000 3 29.312500 800 6129.545571 47198.138457 12668.197471 0 0 0.063410 -9.876973 -0.231506 0.000916 -0.005956 0.010537 32.648438
2023-05-06T14:18:10.7162054Z 1683382690.716205 60.000000 2259 eziemag AAAAAPeiZQ0A 40.014293 -78.362475 349.800000 3 29.125000 800 6129.004257 47211.548669 12674.021919 0 0 0.064606 -9.879965 -0.247657 0.001069 -0.005345 0.010690 32.468750
2023-05-06T14:19:10.719513Z 1683382750.719513 60.000000 2252 eziemag AAAAAPeiZQ0A 40.014285 -78.362440 350.100000 3 28.875000 800 5380.633866 47547.893148 11829.808986 0 0 -0.339183 -9.656236 -2.861816 -0.117439 0.135765 -0.218995 32.082031
2023-05-06T14:20:10.7209957Z 1683382810.720996 60.000000 2259 eziemag AAAAAPeiZQ0A 40.014283 -78.362478 349.800000 3 28.875000 800 5006.289016 49146.684827 5899.877287 0 0 0.881755 -9.622736 -2.342573 0.008094 -0.003971 0.026420 31.875000
2023-05-06T14:21:10.7337646Z 1683382870.733765 60.000000 2258 eziemag AAAAAPeiZQ0A 40.014283 -78.362492 349.200000 3 28.750000 800 7325.013667 47831.316350 5844.237989 0 0 0.380459 -9.736993 -1.525424 0.064752 -0.111788 -0.019700 31.613281
2023-05-06T14:22:10.739553Z 1683382930.739553 60.000000 2257 eziemag AAAAAPeiZQ0A 40.014295 -78.362510 348.800000 3 28.750000 800 8255.383126 48408.622720 1980.803042 0 0 0.876969 -9.690333 -1.792822 0.088423 0.007941 -0.025504 31.242188
2023-05-06T14:23:10.7494185Z 1683382990.749418 60.000000 2253 eziemag AAAAAPeiZQ0A 40.014297 -78.362507 347.200000 3 28.750000 800 9721.334386 48177.175538 4191.957552 0 0 -0.254836 -9.321839 -3.279962 0.239917 -0.012981 -0.039248 30.996094
2023-05-06T14:24:10.7666612Z 1683383050.766661 60.000000 2235 eziemag AAAAAPeiZQ0A 40.014292 -78.362477 344.300000 3 28.750000 800 10565.203887 47917.308519 3168.470523 0 0 0.601795 -9.596415 -1.462613 0.198226 0.166766 0.107054 30.773438
2023-05-06T14:25:10.7807496Z 1683383110.780750 60.000000 2255 eziemag AAAAAPeiZQ0A 40.014265 -78.362482 341.700000 3 28.625000 800 11007.770330 47604.850572 3699.604060 0 0 0.818345 -9.647263 -1.604986 0.125227 -0.021075 0.004276 30.613281
2023-05-06T14:26:10.7815607Z 1683383170.781561 60.000000 2253 eziemag AAAAAPeiZQ0A 40.014272 -78.362505 341.800000 3 28.312500 800 25941.295277 32540.858160 2284.162896 0 0 9.851251 0.726820 -0.970290 -0.198989 0.270002 -0.167072 30.292969
2023-05-06T14:27:10.7948432Z 1683383230.794843 60.000000 2251 eziemag AAAAAPeiZQ0A 40.014235 -78.362515 340.800000 3 28.125000 800 38059.932435 3286.368981 -19242.289128 0 0 8.945567 1.086940 1.473381 -1.953394 -0.179442 0.386525 29.777344
2023-05-06T14:28:10.8111885Z 1683383290.811188 60.000000 2251 eziemag AAAAAPeiZQ0A 40.014305 -78.362465 339.500000 3 28.250000 800 8264.378598 44635.273531 11138.743949 0 0 -0.000598 -9.871590 -0.159123 0.001069 -0.006720 0.010843 29.890625
2023-05-06T14:29:10.8132982Z 1683383350.813298 60.000000 2252 eziemag AAAAAPeiZQ0A 40.014290 -78.362482 339.400000 3 27.625000 800 4265.077553 46971.888550 14223.387971 0 0 0.012562 -9.873982 -0.160917 0.001222 -0.006261 0.010843 29.664062
2023-05-06T14:30:10.8394873Z 1683383410.839487 60.000000 2250 eziemag AAAAAPeiZQ0A 40.014295 -78.362490 339.400000 3 27.062500 800 4274.124949 46965.517064 14255.166903 0 0 0.007777 -9.871590 -0.160319 0.000916 -0.005803 0.010537 29.406250
2023-05-06T14:31:10.8570516Z 1683383470.857052 60.000000 2248 eziemag AAAAAPeiZQ0A 40.014285 -78.362472 339.500000 3 26.812500 800 4280.947394 46965.539960 14256.434332 0 0 0.007777 -9.872786 -0.148355 0.000611 -0.006261 0.010537 29.250000
2023-05-06T14:32:10.8755517Z 1683383530.875552 60.000000 2253 eziemag AAAAAPeiZQ0A 40.014303 -78.362453 339.500000 3 26.750000 800 4288.973897 46962.056575 14243.979188 0 0 0.019143 -9.873384 -0.141775 0.000764 -0.005956 0.010843 29.257812
2023-05-06T14:33:10.8811264Z 1683383590.881126 60.000000 2253 eziemag AAAAAPeiZQ0A 40.014313 -78.362445 339.400000 3 26.937500 800 4285.900996 46963.531699 14240.477815 0 0 0.004786 -9.865608 -0.139382 0.000916 -0.006109 0.010385 29.308594
2023-05-06T14:34:10.8879554Z 1683383650.887955 60.000000 2254 eziemag AAAAAPeiZQ0A 40.014338 -78.362428 339.400000 3 26.937500 800 4288.665217 46963.433575 14236.868505 0 0 0.014357 -9.865009 -0.144168 0.000000 -0.005803 0.010996 29.492188
2023-05-06T14:35:10.9087987Z 1683383710.908799 60.000000 2252 eziemag AAAAAPeiZQ0A 40.014348 -78.362448 339.400000 3 27.125000 800 4276.602158 46962.017326 14249.313836 0 0 0.007178 -9.872188 -0.145364 0.000764 -0.005956 0.009927 29.648438
2023-05-06T14:36:10.925062Z 1683383770.925062 60.000000 2252 eziemag AAAAAPeiZQ0A 40.014317 -78.362462 339.400000 3 27.437500 800 4573.916378 47425.699948 12445.787464 0 0 0.065204 -9.824331 -0.905085 0.000764 -0.005956 0.010843 29.710938
2023-05-06T14:37:10.93123Z 1683383830.931230 60.000000 2253 eziemag AAAAAPeiZQ0A 40.014302 -78.362478 339.200000 3 27.750000 800 5599.711762 47929.907577 9637.791217 0 0 -0.002991 -9.184251 -1.660619 -0.044288 -0.315817 0.144928 29.812500
2023-05-06T14:38:10.944039Z 1683383890.944039 60.000000 2249 eziemag AAAAAPeiZQ0A 40.014190 -78.362510 338.900000 3 27.500000 800 29239.290053 19419.581947 -4992.804393 0 0 9.851849 -0.211167 -0.211167 0.800081 0.019548 -0.033139 29.585938
2023-05-06T14:39:10.954224Z 1683383950.954224 60.000000 2245 eziemag AAAAAPeiZQ0A 40.013850 -78.362075 396.000000 3 25.500000 800 38731.721927 -191.032921 -4200.804204 0 0 9.583255 0.630509 0.738186 -3.942066 -0.050396 -0.148135 28.789062
2023-05-06T14:40:10.957323Z 1683384010.957323 60.000000 2227 eziemag AAAAAPeiZQ0A 40.014013 -78.361003 499.500000 3 23.187500 800 38703.661876 -3865.431148 -2284.771466 0 0 9.598210 0.042473 -0.873978 -2.335338 -0.028253 0.100945 27.351562
2023-05-06T14:41:10.981958Z 1683384070.981958 60.000000 2235 eziemag AAAAAPeiZQ0A 40.016042 -78.360563 725.200000 3 21.500000 800 39155.020185 -1626.009913 -328.054346 0 0 9.803992 -0.236291 0.461815 -0.682336 0.001833 -0.147219 26.050781
2023-05-06T14:42:10.9954839Z 1683384130.995484 60.000000 2228 eziemag AAAAAPeiZQ0A 40.015392 -78.359573 930.900000 3 19.937500 800 39400.247178 -91.609184 4293.680554 0 0 9.821939 0.016152 -0.173480 0.508545 -0.134543 -0.041386 24.773438
2023-05-06T14:43:11.011872Z 1683384191.011872 60.000000 2223 eziemag AAAAAPeiZQ0A 40.015012 -78.357827 1254.700000 3 18.312500 800 38796.382046 767.964990 -2678.734271 0 0 9.699905 0.740579 -0.477966 0.453109 0.037721 0.045204 23.054688
2023-05-06T14:44:11.0125494Z 1683384251.012549 60.000000 2221 eziemag AAAAAPeiZQ0A 40.013607 -78.355380 1573.000000 3 16.875000 800 38865.205872 3834.524288 -5283.641235 0 0 9.651450 0.136391 -0.501895 2.436283 0.021838 -0.104611 21.636719
2023-05-06T14:45:11.0261216Z 1683384311.026122 60.000000 2219 eziemag AAAAAPeiZQ0A 40.010455 -78.354372 1882.800000 3 15.500000 800 38713.598516 247.715573 -6032.711164 0 0 10.021739 0.108873 -0.946960 -0.417832 -0.011454 -0.167683 20.117188
2023-05-06T14:46:11.0480244Z 1683384371.048024 60.000000 2216 eziemag AAAAAPeiZQ0A 40.006443 -78.354592 2207.800000 3 13.937500 800 38901.102721 1243.682511 -4345.145106 0 0 10.316655 0.251845 0.418146 1.097572 -0.001374 -0.082620 18.785156
2023-05-06T14:47:11.0703137Z 1683384431.070314 60.000000 2213 eziemag AAAAAPeiZQ0A 40.000958 -78.354015 2495.800000 3 12.750000 800 38682.820443 697.355980 -4361.709989 0 0 9.927223 -0.525225 -0.619143 2.312889 0.181122 -0.086590 17.371094
2023-05-06T14:48:11.0886931Z 1683384491.088693 60.000000 2209 eziemag AAAAAPeiZQ0A 39.995183 -78.351097 2798.100000 3 11.812500 800 38748.586087 4165.989984 -6368.615723 0 0 9.693324 -0.024526 -0.793819 -0.618959 0.008552 0.105069 16.390625
2023-05-06T14:49:11.1064985Z 1683384551.106498 60.000000 2180 eziemag AAAAAPeiZQ0A 39.989260 -78.348748 3060.400000 3 10.937500 800 38469.797585 1781.246612 -4435.937150 0 0 9.599406 -0.413360 -0.543769 0.164017 0.006414 -0.074984 15.207031
2023-05-06T14:50:11.120424Z 1683384611.120424 60.000000 2206 eziemag AAAAAPeiZQ0A 39.981567 -78.346332 3287.400000 3 10.125000 800 38780.145877 2485.111248 -5394.090687 0 0 10.302298 0.913460 -0.018544 2.335032 0.102473 0.095448 13.734375
2023-05-06T14:51:11.1389503Z 1683384671.138950 60.000000 2201 eziemag AAAAAPeiZQ0A 39.973378 -78.343598 3555.300000 3 8.562500 800 38691.134775 6359.343460 -1553.548055 0 0 9.933803 -0.245863 0.333201 0.934624 -0.010079 -0.083994 12.582031
2023-05-06T14:52:11.1488485Z 1683384731.148849 60.000000 2194 eziemag AAAAAPeiZQ0A 39.966878 -78.339095 3830.300000 3 7.375000 800 38877.124608 -219.890916 -376.420239 0 0 9.972088 0.412762 0.265603 -2.476753 -0.174707 0.108276 11.292969
2023-05-06T14:53:11.1679103Z 1683384791.167910 60.000000 2189 eziemag AAAAAPeiZQ0A 39.961360 -78.334190 4340.800000 3 6.125000 800 38680.952826 269.018212 -2339.323024 0 0 9.908080 -0.056231 -0.170489 -1.971109 0.041539 0.084147 9.992188
2023-05-06T14:54:11.1924336Z 1683384851.192434 60.000000 2182 eziemag AAAAAPeiZQ0A 39.954488 -78.328708 4742.700000 3 5.062500 800 38657.661577 -2270.836497 -3052.861614 0 0 9.511470 0.278166 -0.120239 -1.220203 0.058032 0.083994 8.710938
2023-05-06T14:55:11.197459Z 1683384911.197459 60.000000 2175 eziemag AAAAAPeiZQ0A 39.948688 -78.324392 5084.100000 3 3.687500 800 38171.014784 2353.918691 -8098.495089 0 0 9.991231 -0.102293 -0.150748 2.069001 0.027489 -0.229074 7.351562
2023-05-06T14:56:11.219328Z 1683384971.219328 60.000000 2167 eziemag AAAAAPeiZQ0A 39.942310 -78.319533 5452.600000 3 1.437500 800 38826.211592 -1858.459181 -564.860221 0 0 9.815358 1.104288 -0.101695 1.492802 -0.050855 0.083536 5.476562
2023-05-06T14:57:11.2421222Z 1683385031.242122 60.000000 2157 eziemag AAAAAPeiZQ0A 39.935663 -78.314472 5905.800000 3 0.062500 800 38333.193313 4919.116094 -5549.102520 0 0 9.937392 0.478565 -0.562912 -1.094976 -0.036346 -0.029780 4.023438
2023-05-06T14:58:11.2543838Z 1683385091.254384 60.000000 2150 eziemag AAAAAPeiZQ0A 39.927862 -78.308727 6409.000000 3 -1.437500 800 38403.256766 -128.657610 -3289.146285 0 0 10.300503 -0.256630 0.102891 -0.813978 -0.000916 -0.135307 2.378906
2023-05-06T14:59:11.2762327Z 1683385151.276233 60.000000 2124 eziemag AAAAAPeiZQ0A 39.919323 -78.301443 6789.500000 3 -2.937500 800 38203.889429 3529.228948 -8794.732870 0 0 9.893125 -0.059222 0.085543 0.654848 -0.031460 0.045662 0.824219
