2023-05-06T16:00:12.1844454Z 1683388812.184445 60.000000 2040 eziemag AAAAAPeiZQ0A 39.485483 -77.914200 18303.500000 3 -20.875000 800 37337.419632 6893.957111 -3416.895115 0 0 10.040284 0.323031 -0.597009 0.462730 0.094990 0.097586 -26.875000
2023-05-06T16:01:12.2131245Z 1683388872.213125 60.000000 2038 eziemag AAAAAPeiZQ0A 39.480652 -77.908463 18098.400000 3 -21.000000 800 37718.750467 4167.235335 -4023.999958 0 0 9.845269 0.183649 -0.327817 1.564426 0.025809 -0.059865 -27.019531
2023-05-06T16:02:12.2148542Z 1683388932.214854 60.000000 2035 eziemag AAAAAPeiZQ0A 39.475343 -77.901100 17893.900000 3 -21.000000 800 37513.793361 631.829359 -2096.828567 0 0 9.854840 -0.327218 -0.401396 0.788169 -0.081703 -0.093615 -27.093750
2023-05-06T16:03:12.239757Z 1683388992.239757 60.000000 2016 eziemag AAAAAPeiZQ0A 39.471487 -77.894193 17714.500000 3 -21.000000 800 37624.048202 -1052.932257 -3127.296061 0 0 9.900304 -0.154935 -0.391226 0.463494 0.004581 0.005192 -27.187500
2023-05-06T16:04:12.2409477Z 1683389052.240948 60.000000 2035 eziemag AAAAAPeiZQ0A 39.467823 -77.885653 17525.800000 3 -21.062500 800 37687.272447 56.126402 -4228.575200 0 0 9.885947 0.055035 -0.009571 0.427453 0.083841 0.029474 -27.230469
2023-05-06T16:05:12.2523162Z 1683389112.252316 60.000000 2036 eziemag AAAAAPeiZQ0A 39.463648 -77.876675 17344.700000 3 -21.062500 800 37552.902119 5016.341360 -7664.417964 0 0 10.008579 0.024526 0.162114 -0.715018 -0.064141 0.052382 -27.363281
2023-05-06T16:06:12.2795649Z 1683389172.279565 60.000000 2035 eziemag AAAAAPeiZQ0A 39.458583 -77.868792 17153.700000 3 -21.125000 800 37736.255701 241.694751 -2263.397304 0 0 9.843474 0.276371 0.850648 -0.513127 0.058338 -0.093310 -27.503906
2023-05-06T16:07:12.2968323Z 1683389232.296832 60.000000 2034 eziemag AAAAAPeiZQ0A 39.453195 -77.860515 16955.100000 3 -21.250000 800 37447.622140 2773.455957 -4229.233036 0 0 9.970892 0.352941 -0.090329 -1.637882 -0.112094 -0.019242 -27.632812
2023-05-06T16:08:12.3129418Z 1683389292.312942 60.000000 2032 eziemag AAAAAPeiZQ0A 39.448523 -77.851432 16753.000000 3 -21.375000 800 37625.130831 1906.194835 -3767.975700 0 0 9.789037 -0.151346 -0.448056 -0.816880 0.098197 0.042913 -27.675781
2023-05-06T16:09:12.3386197Z 1683389352.338620 60.000000 2033 eziemag AAAAAPeiZQ0A 39.442952 -77.843518 16560.900000 3 -21.625000 800 37576.929295 4372.370290 -4439.947130 0 0 9.809974 -0.102891 -0.603590 -2.858086 0.023213 0.026114 -27.843750
2023-05-06T16:10:12.3635812Z 1683389412.363581 60.000000 2032 eziemag AAAAAPeiZQ0A 39.436608 -77.833888 16355.100000 3 -21.625000 800 37539.004560 -1265.361162 -5829.073002 0 0 9.995418 -0.016152 -0.023928 -0.022907 0.006872 0.005498 -27.992188
2023-05-06T16:11:12.381162Z 1683389472.381162 60.000000 2032 eziemag AAAAAPeiZQ0A 39.431563 -77.822762 16149.100000 3 -21.687500 800 37750.987309 468.360558 -315.285820 0 0 10.083953 0.026919 -0.535394 0.216857 -0.051465 -0.016035 -28.117188
2023-05-06T16:12:12.382322Z 1683389532.382322 60.000000 2032 eziemag AAAAAPeiZQ0A 39.425400 -77.813260 15932.800000 3 -21.687500 800 37613.699443 2665.555671 -4609.095290 0 0 9.975079 0.128614 -0.131605 1.411862 -0.003512 -0.043371 -28.191406
2023-05-06T16:13:12.400804Z 1683389592.400804 60.000000 2028 eziemag AAAAAPeiZQ0A 39.419093 -77.803598 15677.800000 3 -21.812500 800 37743.003327 1182.156314 -813.347111 0 0 10.035498 -0.272782 -0.810569 0.394161 -0.038637 -0.062766 -28.324219
2023-05-06T16:14:12.4112177Z 1683389652.411218 60.000000 2031 eziemag AAAAAPeiZQ0A 39.410777 -77.794263 15435.900000 3 -22.000000 800 37807.153203 3613.989258 -4034.170050 0 0 9.888339 0.530010 -0.655035 -2.204918 -0.076816 0.145386 -28.515625
2023-05-06T16:15:12.421699Z 1683389712.421699 60.000000 2025 eziemag AAAAAPeiZQ0A 39.401418 -77.784483 15193.700000 3 -22.062500 800 37736.147765 871.944679 -41.833778 0 0 9.849456 0.297308 0.287737 -0.503506 0.063835 -0.031612 -28.632812
2023-05-06T16:16:12.429983Z 1683389772.429983 60.000000 2026 eziemag AAAAAPeiZQ0A 39.392478 -77.774865 14943.200000 3 -22.125000 800 36896.540913 2752.382707 -1488.850220 0 0 10.862816 -0.500100 -0.352941 1.405906 -0.091935 -0.401033 -28.730469
2023-05-06T16:17:12.445152Z 1683389832.445152 60.000000 2028 eziemag AAAAAPeiZQ0A 39.382690 -77.764305 14732.300000 3 -22.937500 800 34498.196397 -1814.376174 -1937.089225 0 0 9.507282 0.997209 -1.959722 3.634954 0.123242 -0.030696 -28.988281
2023-05-06T16:18:12.4646895Z 1683389892.464689 60.000000 2028 eziemag AAAAAPeiZQ0A 39.371598 -77.753447 14510.100000 3 -23.562500 800 34033.820369 -2293.345007 -3302.427097 0 0 12.136396 0.381057 -0.215952 2.068084 -0.459676 -0.246484 -29.195312
2023-05-06T16:19:12.4931805Z 1683389952.493181 60.000000 2023 eziemag AAAAAPeiZQ0A 39.361245 -77.741363 14314.100000 3 -24.125000 800 34099.854217 -1199.647339 -6551.017506 0 0 9.067003 3.039483 -2.399403 -5.003597 -0.416763 0.173944 -29.406250
2023-05-06T16:20:12.511395Z 1683390012.511395 60.000000 2026 eziemag AAAAAPeiZQ0A 39.350962 -77.728123 14096.900000 3 -24.312500 800 34463.588236 -3490.942383 -4424.613697 0 0 10.585847 -0.317647 -1.374677 -3.802942 0.200058 -0.002902 -29.613281
2023-05-06T16:21:12.526187Z 1683390072.526187 60.000000 2025 eziemag AAAAAPeiZQ0A 39.341032 -77.714337 13889.100000 3 -24.625000 800 35195.661539 2522.676196 -8010.495477 0 0 11.006984 1.294517 -0.011366 2.344806 0.063530 -0.495564 -29.761719
2023-05-06T16:22:12.5556195Z 1683390132.555619 60.000000 2023 eziemag AAAAAPeiZQ0A 39.329448 -77.699327 13669.300000 3 -25.125000 800 35274.111281 -1525.370460 -7186.530330 0 0 9.584451 0.340977 0.526421 0.582002 0.054062 -0.084147 -29.992188
2023-05-06T16:23:12.576544Z 1683390192.576544 60.000000 2022 eziemag AAAAAPeiZQ0A 39.317887 -77.685075 13436.800000 3 -25.375000 800 35464.205947 -2030.759967 897.186951 0 0 9.916455 1.089931 -1.284946 -5.003597 0.087201 -0.105069 -30.207031
2023-05-06T16:24:12.590612Z 1683390252.590612 60.000000 2023 eziemag AAAAAPeiZQ0A 39.306197 -77.670792 13204.800000 3 -25.500000 800 36030.025325 1486.174106 -2441.562196 0 0 9.814162 -0.467797 -0.226122 2.025018 0.328035 -0.197768 -30.339844
2023-05-06T16:25:12.6077425Z 1683390312.607743 60.000000 2024 eziemag AAAAAPeiZQ0A 39.293170 -77.655933 12987.700000 3 -25.687500 800 36202.761943 821.759004 -3773.292359 0 0 9.214760 0.241675 -0.513859 -1.732872 -0.000916 0.216552 -30.476562
2023-05-06T16:26:12.6111987Z 1683390372.611199 60.000000 2024 eziemag AAAAAPeiZQ0A 39.280203 -77.642353 12772.600000 3 -25.812500 800 36016.464657 1085.260170 -3937.794371 0 0 10.527821 0.123230 -0.801596 0.612698 0.150731 -0.176693 -30.644531
2023-05-06T16:27:12.640136Z 1683390432.640136 60.000000 2021 eziemag AAAAAPeiZQ0A 39.265737 -77.629543 12535.600000 3 -25.812500 800 36379.874869 2289.278401 -1752.660782 0 0 10.636695 1.062413 0.168096 2.998279 -0.355524 0.070402 -30.691406
2023-05-06T16:28:12.6600115Z 1683390492.660012 60.000000 2023 eziemag AAAAAPeiZQ0A 39.250975 -77.616178 12312.300000 3 -26.000000 800 35830.121580 -3614.668763 -5203.836162 0 0 11.137991 0.937388 0.583251 1.701260 0.275653 0.325133 -30.796875
2023-05-06T16:29:12.666855Z 1683390552.666855 60.000000 2022 eziemag AAAAAPeiZQ0A 39.236282 -77.602088 12073.700000 3 -26.312500 800 35799.399110 2645.341616 -1921.693033 0 0 10.855638 0.662812 0.317049 1.026101 0.448986 -0.043524 -30.855469
2023-05-06T16:30:12.6810203Z 1683390612.681020 60.000000 2023 eziemag AAAAAPeiZQ0A 39.221665 -77.586782 11849.000000 3 -26.312500 800 36545.494262 -454.919631 -3093.251702 0 0 9.908678 0.203988 -1.667199 -4.301255 0.114843 -0.009621 -30.824219
2023-05-06T16:31:12.683063Z 1683390672.683063 60.000000 2022 eziemag AAAAAPeiZQ0A 39.206288 -77.569287 11550.800000 3 -26.937500 800 35685.873486 287.423754 -2806.266208 0 0 10.552946 1.821536 -2.550749 5.003597 0.470366 0.262061 -30.902344
2023-05-06T16:32:12.7107005Z 1683390732.710701 60.000000 2014 eziemag AAAAAPeiZQ0A 39.202030 -77.563962 11443.500000 3 -28.375000 800 35467.973890 1546.227633 -3510.500033 0 0 8.696116 4.368696 -1.039681 -0.447764 -0.366366 0.288481 -31.406250
2023-05-06T16:33:12.7212064Z 1683390792.721206 60.000000 2009 eziemag AAAAAPeiZQ0A 39.202030 -77.563962 11443.500000 3 -29.937500 800 35905.025792 327.391092 -2141.116610 0 0 10.153344 -0.209372 -2.995814 -5.003597 0.190132 0.091935 -32.253906
2023-05-06T16:34:12.7302594Z 1683390852.730259 60.000000 2014 eziemag AAAAAPeiZQ0A 39.165288 -77.532053 9437.700000 3 -30.500000 800 34625.357917 6185.918343 -1405.679102 0 0 8.982656 3.199204 -2.801995 -5.003597 0.111636 -0.062461 -32.902344
2023-05-06T16:35:12.7340136Z 1683390912.734014 60.000000 2023 eziemag AAAAAPeiZQ0A 39.152118 -77.521815 8963.900000 3 -31.125000 800 32413.987739 2712.746535 -1405.576073 0 0 9.478569 2.795415 1.724627 -0.318108 -0.158520 0.263741 -33.417969
2023-05-06T16:36:12.7367873Z 1683390972.736787 60.000000 2023 eziemag AAAAAPeiZQ0A 39.137565 -77.512735 8783.700000 3 -31.187500 800 35924.503308 633.029277 -4413.771459 0 0 9.570094 0.297906 0.288933 4.172820 0.694096 0.247859 -33.628906
2023-05-06T16:37:12.7524498Z 1683391032.752450 60.000000 2030 eziemag AAAAAPeiZQ0A 39.125815 -77.506622 8511.100000 3 -31.000000 800 35987.632700 2073.750123 -1462.725655 0 0 9.500104 -1.849652 3.595814 -3.455054 0.022144 -0.180358 -33.488281
2023-05-06T16:38:12.769602Z 1683391092.769602 60.000000 2032 eziemag AAAAAPeiZQ0A 39.116627 -77.496253 8291.800000 3 -30.312500 800 34746.946023 3199.914609 -7719.381845 0 0 9.524630 -1.477568 -0.281157 -5.003597 0.224646 -0.025962 -33.074219
2023-05-06T16:39:12.7914786Z 1683391152.791479 60.000000 2047 eziemag AAAAAPeiZQ0A 39.109415 -77.489165 8059.400000 3 -29.250000 800 35514.046146 1795.277456 -3713.488536 0 0 9.656236 1.488934 0.304487 -1.191493 0.103847 0.233961 -32.335938
2023-05-06T16:40:12.813427Z 1683391212.813427 60.000000 2057 eziemag AAAAAPeiZQ0A 39.106542 -77.485712 5925.500000 3 -28.187500 800 36009.488076 2828.181479 -4732.926744 0 0 10.795817 0.536590 -2.348555 -5.003597 0.281914 -0.089186 -31.296875
2023-05-06T16:41:12.8388643Z 1683391272.838864 60.000000 2069 eziemag AAAAAPeiZQ0A 39.101570 -77.478378 5508.600000 3 -26.562500 800 35919.276596 1185.932433 -7070.432234 0 0 9.391230 -0.777667 1.652244 2.210110 -0.066584 -0.158520 -29.910156
2023-05-06T16:42:12.847321Z 1683391332.847321 60.000000 2080 eziemag AAAAAPeiZQ0A 39.094225 -77.475197 5070.700000 3 -24.812500 800 34704.818331 -506.459768 -5393.780780 0 0 11.313265 0.314058 0.915255 -4.531246 -0.394008 -0.386067 -28.210938
2023-05-06T16:43:12.861911Z 1683391392.861911 60.000000 2087 eziemag AAAAAPeiZQ0A 39.086243 -77.470117 4804.500000 3 -22.937500 800 36877.913801 3200.898093 -4114.432215 0 0 9.198010 3.093321 -2.115255 4.791780 0.331700 -0.057727 -26.234375
2023-05-06T16:44:12.869396Z 1683391452.869396 60.000000 2103 eziemag AAAAAPeiZQ0A 39.080375 -77.467292 3939.500000 3 -20.812500 800 36104.167445 567.716892 -4635.594769 0 0 10.237093 0.260219 0.356531 4.864778 0.110414 -0.242361 -24.203125
2023-05-06T16:45:12.8816261Z 1683391512.881626 60.000000 2113 eziemag AAAAAPeiZQ0A 39.075170 -77.464613 3497.100000 3 -18.750000 800 35340.344647 2438.261567 -3550.324684 0 0 10.243075 1.703690 -2.967100 3.406643 0.887434 0.247248 -22.070312
2023-05-06T16:46:12.8834476Z 1683391572.883448 60.000000 2125 eziemag AAAAAPeiZQ0A 39.069272 -77.461640 3133.500000 3 -17.062500 800 36216.659502 2211.541281 420.739202 0 0 10.177871 -1.491327 3.802793 3.696956 -0.072540 -0.170279 -20.035156
2023-05-06T16:47:12.8941846Z 1683391632.894185 60.000000 2133 eziemag AAAAAPeiZQ0A 39.064372 -77.458455 2794.100000 3 -14.562500 800 36911.596329 2899.998073 -5288.340942 0 0 10.029516 -0.133400 1.745564 2.607631 0.366825 0.113010 -17.695312
2023-05-06T16:48:12.922135Z 1683391692.922135 60.000000 2145 eziemag AAAAAPeiZQ0A 39.061513 -77.458810 2507.900000 3 -12.625000 800 38267.205256 328.835501 -2757.088547 0 0 8.883354 1.164108 -1.183849 5.003597 -0.133779 -0.205098 -15.667969
2023-05-06T16:49:12.9329035Z 1683391752.932904 60.000000 2156 eziemag AAAAAPeiZQ0A 39.058145 -77.453720 2088.700000 3 -9.812500 800 39021.853506 -484.704510 -4098.490008 0 0 10.473385 1.764707 -3.154937 -5.003597 0.053298 0.072082 -13.023438
2023-05-06T16:50:12.9378762Z 1683391812.937876 60.000000 2164 eziemag AAAAAPeiZQ0A 39.055655 -77.449025 1472.400000 3 -7.312500 800 38184.889448 880.548578 -6406.105852 0 0 9.227322 7.497311 -4.338786 -5.003597 -0.290772 0.697608 -10.464844
2023-05-06T16:51:12.9551077Z 1683391872.955108 60.000000 2175 eziemag AAAAAPeiZQ0A 39.055427 -77.447595 1076.100000 3 -4.750000 800 35464.078387 2861.124811 -3471.353252 0 0 10.079167 -0.153739 -0.814158 -2.190257 -0.343917 -0.019548 -7.710938
2023-05-06T16:52:12.9729733Z 1683391932.972973 60.000000 2184 eziemag AAAAAPeiZQ0A 39.054642 -77.448253 722.300000 3 -1.937500 800 36815.261943 2461.170339 -4240.724934 0 0 9.789037 3.228516 -1.822733 0.672257 0.220217 0.064294 -5.019531
2023-05-06T16:53:12.99518Z 1683391992.995180 60.000000 2189 eziemag AAAAAPeiZQ0A 39.054670 -77.448188 465.800000 3 -0.062500 800 36184.654886 6654.641242 -4721.418492 0 0 9.726824 3.056831 1.009173 -3.868610 -0.017104 0.309556 -2.417969
