2023-05-06T13:15:09.1533701Z 1683378909.153370 60.000000 2133 eziemag AAAAAPeiZQ0A 40.014252 -78.362383 360.800000 3 21.687500 800 9887.248967 47249.424342 11160.006495 0 0 0.013759 -9.903893 0.181855 0.000458 -0.005651 0.010690 31.617188
2023-05-06T13:15:12.4995866Z 1683378912.499587 60.000000 2131 eziemag AAAAAPeiZQ0A 40.014270 -78.362388 357.800000 3 21.750000 800 9887.962816 47251.380271 11169.396097 0 0 0.009571 -9.914660 0.180658 0.001069 -0.005803 0.010843 31.746094
2023-05-06T13:16:09.156427Z 1683378969.156427 60.000000 2184 eziemag AAAAAPeiZQ0A 40.014297 -78.362335 352.900000 3 22.125000 800 9918.391732 47128.032484 11443.198289 0 0 0.075972 -9.912268 0.378066 -0.017868 -0.006872 0.008094 32.816406
2023-05-06T13:16:12.521751Z 1683378972.521751 60.000000 2180 eziemag AAAAAPeiZQ0A 40.014298 -78.362328 353.000000 3 22.125000 800 9915.462746 47092.580461 11524.545127 0 0 0.042473 -9.903893 0.477368 -0.041081 -0.005651 0.008094 32.945312
2023-05-06T13:17:09.1625137Z 1683379029.162514 60.000000 2202 eziemag AAAAAPeiZQ0A 40.014302 -78.362362 352.900000 3 22.500000 800 9259.709905 46939.344255 12355.118893 0 0 0.031107 -9.912268 0.272184 0.000153 -0.004276 0.010690 33.679688
2023-05-06T13:17:12.5346694Z 1683379032.534669 60.000000 2178 eziemag AAAAAPeiZQ0A 40.014307 -78.362367 352.900000 3 22.562500 800 9224.904680 46959.423594 12330.735202 0 0 0.016152 -9.920642 0.267996 -0.000153 -0.005192 0.011148 33.800781
2023-05-06T13:18:09.1635296Z 1683379089.163530 60.000000 2179 eziemag AAAAAPeiZQ0A 40.014288 -78.362350 353.100000 3 22.750000 800 9226.656185 46975.067752 12260.181949 0 0 0.038883 -9.917053 0.125025 -0.008552 -0.005345 0.011301 34.796875
2023-05-06T13:18:12.548954Z 1683379092.548954 60.000000 2172 eziemag AAAAAPeiZQ0A 40.014288 -78.362350 353.000000 3 22.812500 800 9226.011023 46978.309098 12251.798113 0 0 0.022732 -9.924830 0.221336 -0.001374 -0.004276 0.010996 34.812500
2023-05-06T13:57:10.4583704Z 1683381430.458370 60.000000 2261 eziemag AAAAAPeiZQ0A 40.014372 -78.362347 348.500000 3 26.187500 800 12554.891807 46561.689780 3122.670151 0 0 0.159123 -9.879366 -0.421137 0.000305 -0.005651 0.010079 37.687500
2023-05-06T13:58:10.4690206Z 1683381490.469021 60.000000 2259 eziemag AAAAAPeiZQ0A 40.014378 -78.362332 349.300000 3 26.937500 800 13435.165128 46713.781213 -2429.150391 0 0 -0.936192 -9.708279 -0.345763 0.138208 -0.433409 0.025045 36.746094
2023-05-06T13:59:10.4694047Z 1683381550.469405 60.000000 2262 eziemag AAAAAPeiZQ0A 40.014338 -78.362325 350.500000 3 27.250000 800 10826.657236 27947.559528 -22899.283465 0 0 -0.147159 -9.769895 -0.716052 -0.172722 -0.001680 -0.057116 36.128906
