2023-05-06T15:00:11.301409Z 1683385211.301409 60.000000 2131 eziemag AAAAAPeiZQ0A 39.910443 -78.292847 7117.800000 3 -4.125000 800 38332.594759 -4573.854233 -1207.687436 0 0 9.472586 0.410369 -0.287737 -3.022867 -0.070402 0.038026 -0.714844
2023-05-06T15:01:11.3069139Z 1683385271.306914 60.000000 2126 eziemag AAAAAPeiZQ0A 39.901108 -78.285093 7403.500000 3 -6.375000 800 38165.372682 3354.049464 -5775.356924 0 0 9.544371 0.525225 0.004786 -3.203530 -0.018173 0.196546 -2.558594
2023-05-06T15:02:11.3214767Z 1683385331.321477 60.000000 2117 eziemag AAAAAPeiZQ0A 39.889648 -78.279027 7891.500000 3 -7.562500 800 38599.657502 -2133.019786 -3614.317154 0 0 10.125827 0.278166 -0.575474 1.962405 0.059712 -0.121715 -4.125000
2023-05-06T15:03:11.330213Z 1683385391.330213 60.000000 2113 eziemag AAAAAPeiZQ0A 39.876857 -78.269685 8177.600000 3 -8.750000 800 38085.680043 1264.383402 -6072.481847 0 0 10.019945 0.573679 0.539581 -1.143998 -0.243124 0.013134 -5.875000
2023-05-06T15:04:11.3478796Z 1683385451.347880 60.000000 2105 eziemag AAAAAPeiZQ0A 39.864312 -78.260705 8652.700000 3 -10.937500 800 38015.852086 1943.730959 -5279.075221 0 0 10.295119 0.704686 -0.374477 -1.881770 0.087048 0.185856 -7.937500
2023-05-06T15:05:11.360368Z 1683385511.360368 60.000000 2097 eziemag AAAAAPeiZQ0A 39.851453 -78.249663 9029.200000 3 -12.562500 800 38045.671819 -2273.290607 -8511.497738 0 0 9.562916 -0.040080 -0.327817 -0.360258 -0.034667 0.130114 -9.765625
2023-05-06T15:06:11.3847785Z 1683385571.384778 60.000000 2088 eziemag AAAAAPeiZQ0A 39.837397 -78.238268 9352.900000 3 -14.000000 800 38381.293455 -1128.947106 -4186.573843 0 0 10.045069 0.115454 0.205783 0.561538 0.065210 -0.114079 -11.558594
2023-05-06T15:07:11.4108615Z 1683385631.410861 60.000000 2078 eziemag AAAAAPeiZQ0A 39.822102 -78.225040 9706.900000 3 -15.375000 800 37882.175164 -1037.331438 -8687.743089 0 0 9.838688 -0.027517 -0.565304 -0.277486 0.000764 0.139583 -13.207031
2023-05-06T15:08:11.4272385Z 1683385691.427238 60.000000 2070 eziemag AAAAAPeiZQ0A 39.810473 -78.214940 9998.700000 3 -16.812500 800 38081.774727 2358.435234 103.701545 0 0 10.355538 0.209372 0.087936 -0.014355 -0.125838 -0.040775 -14.800781
2023-05-06T15:09:11.4521146Z 1683385751.452115 60.000000 2064 eziemag AAAAAPeiZQ0A 39.810473 -78.214940 9998.700000 3 -18.625000 800 38007.282633 2449.161044 -4011.241040 0 0 9.509675 0.090329 0.053839 -0.664163 -0.142484 0.027336 -16.671875
2023-05-06T15:10:11.4726765Z 1683385811.472677 60.000000 2059 eziemag AAAAAPeiZQ0A 39.810473 -78.214940 9998.700000 3 -19.625000 800 38341.926305 1499.811536 -4296.805379 0 0 9.450453 0.216550 -0.306879 -0.746783 -0.050549 -0.025504 -18.402344
2023-05-06T15:11:11.484876Z 1683385871.484876 60.000000 2047 eziemag AAAAAPeiZQ0A 39.810473 -78.214940 9998.700000 3 -21.000000 800 37720.778353 -2237.847375 -3493.016877 0 0 10.039087 -0.101097 -0.387637 0.322384 0.011759 0.086437 -19.980469
2023-05-06T15:12:11.4876885Z 1683385931.487689 60.000000 2052 eziemag AAAAAPeiZQ0A 39.810473 -78.214940 9998.700000 3 -21.812500 800 37935.937033 -754.770241 -5501.145475 0 0 10.136595 -0.272184 -0.376870 -0.554666 -0.058490 0.039706 -21.316406
2023-05-06T15:13:11.5066433Z 1683385991.506643 60.000000 2054 eziemag AAAAAPeiZQ0A 39.810473 -78.214940 9998.700000 3 -22.187500 800 37617.814089 -2465.130440 -4032.312654 0 0 9.896714 0.161516 0.007777 -1.235780 -0.095142 -0.115148 -22.390625
2023-05-06T15:14:11.5110228Z 1683386051.511023 60.000000 2052 eziemag AAAAAPeiZQ0A 39.810473 -78.214940 9998.700000 3 -22.875000 800 38166.667913 -345.865627 -2178.556247 0 0 9.814760 0.312862 -0.559322 2.740494 -0.014966 -0.147219 -23.382812
2023-05-06T15:15:11.5174599Z 1683386111.517460 60.000000 2049 eziemag AAAAAPeiZQ0A 39.810473 -78.214940 9998.700000 3 -23.625000 800 37317.981366 3211.987889 -4382.564505 0 0 10.219745 -0.509073 -1.314856 0.213345 -0.027794 -0.185550 -24.367188
2023-05-06T15:16:11.531044Z 1683386171.531044 60.000000 2044 eziemag AAAAAPeiZQ0A 39.810473 -78.214940 9998.700000 3 -24.250000 800 37532.534951 -917.600115 -7200.046025 0 0 10.115658 0.290728 0.134596 1.973247 0.093310 0.007178 -25.386719
2023-05-06T15:17:11.5338247Z 1683386231.533825 60.000000 2045 eziemag AAAAAPeiZQ0A 39.810473 -78.214940 9998.700000 3 -24.312500 800 37981.554650 -1551.626675 -1287.419939 0 0 10.076774 0.150748 -0.119043 1.096656 0.019853 -0.043371 -26.007812
2023-05-06T15:18:11.5389867Z 1683386291.538987 60.000000 2046 eziemag AAAAAPeiZQ0A 39.810473 -78.214940 9998.700000 3 -24.562500 800 37282.859693 -1800.694282 -3258.615974 0 0 8.790034 -0.519841 -1.008575 1.607034 -0.028711 -0.035583 -26.589844
2023-05-06T15:19:11.5397062Z 1683386351.539706 60.000000 2045 eziemag AAAAAPeiZQ0A 39.810473 -78.214940 9998.700000 3 -25.000000 800 37727.862870 6364.502712 -4194.465834 0 0 10.097711 -0.214158 -0.138186 -1.301448 -0.031460 -0.058032 -27.121094
2023-05-06T15:20:11.5661125Z 1683386411.566113 60.000000 2044 eziemag AAAAAPeiZQ0A 39.810473 -78.214940 9998.700000 3 -25.187500 800 37188.553192 2620.549486 -4947.817219 0 0 9.994820 0.376870 -0.020339 -1.387275 0.056810 0.041997 -27.753906
2023-05-06T15:21:11.5726354Z 1683386471.572635 60.000000 2041 eziemag AAAAAPeiZQ0A 39.810473 -78.214940 9998.700000 3 -25.687500 800 37808.824574 -3476.587732 -2117.192669 0 0 9.989436 -0.364307 0.066999 -0.017715 -0.009927 0.197462 -28.242188
2023-05-06T15:22:11.6008146Z 1683386531.600815 60.000000 2040 eziemag AAAAAPeiZQ0A 39.810473 -78.214940 9998.700000 3 -25.812500 800 37509.426865 1930.401495 -1482.095132 0 0 9.877572 1.324427 -1.491327 1.390787 0.082772 0.105374 -28.699219
2023-05-06T15:23:11.6223028Z 1683386591.622303 60.000000 2039 eziemag AAAAAPeiZQ0A 39.810473 -78.214940 9998.700000 3 -26.000000 800 36726.169071 -122.197059 -5034.178169 0 0 9.033504 0.133400 -0.939781 2.096031 0.084605 0.065821 -29.195312
2023-05-06T15:24:11.6389353Z 1683386651.638935 60.000000 2039 eziemag AAAAAPeiZQ0A 39.810473 -78.214940 9998.700000 3 -25.687500 800 37334.515176 842.760909 -4788.936458 0 0 9.628718 0.034098 -0.107079 -1.669953 -0.191506 -0.066737 -29.492188
2023-05-06T15:25:11.6538346Z 1683386711.653835 60.000000 2038 eziemag AAAAAPeiZQ0A 39.810473 -78.214940 9998.700000 3 -26.250000 800 37378.140887 -2514.022521 -5032.130658 0 0 9.561719 0.876371 0.054437 2.441017 0.005498 0.027489 -29.855469
2023-05-06T15:26:11.6737425Z 1683386771.673743 60.000000 2035 eziemag AAAAAPeiZQ0A 39.810473 -78.214940 9998.700000 3 -26.125000 800 37207.922772 7597.612211 -5582.641134 0 0 10.607383 0.536590 -0.845863 -2.870914 -0.110108 0.369115 -30.144531
2023-05-06T15:27:11.6907008Z 1683386831.690701 60.000000 2033 eziemag AAAAAPeiZQ0A 39.810473 -78.214940 9998.700000 3 -26.312500 800 37114.394718 3678.788794 -6093.044854 0 0 9.418150 -0.251246 -1.164706 1.345125 -0.015272 0.068417 -30.406250
2023-05-06T15:28:11.7021453Z 1683386891.702145 60.000000 2034 eziemag AAAAAPeiZQ0A 39.810473 -78.214940 9998.700000 3 -26.312500 800 37353.345077 1800.522362 -1350.755390 0 0 9.945767 -0.440279 0.438485 0.232892 -0.093310 -0.174860 -30.574219
2023-05-06T15:29:11.7173Z 1683386951.717300 60.000000 2033 eziemag AAAAAPeiZQ0A 39.810473 -78.214940 9998.700000 3 -26.250000 800 36882.954078 -1937.455144 -7041.926538 0 0 10.186246 -1.168894 -1.301695 1.447903 0.133016 -0.331394 -30.785156
2023-05-06T15:30:11.7441952Z 1683387011.744195 60.000000 2033 eziemag AAAAAPeiZQ0A 39.810473 -78.214940 9998.700000 3 -26.187500 800 36861.625299 2467.322274 -4214.069275 0 0 10.347163 -0.096909 0.189631 1.075886 0.058185 0.256411 -30.945312
2023-05-06T15:31:11.7551057Z 1683387071.755106 60.000000 2029 eziemag AAAAAPeiZQ0A 39.810473 -78.214940 9998.700000 3 -26.125000 800 37496.821266 2997.784278 -4896.129028 0 0 9.698110 -0.067597 0.457627 1.052063 -0.041233 0.182801 -31.019531
2023-05-06T15:32:11.7841983Z 1683387131.784198 60.000000 2030 eziemag AAAAAPeiZQ0A 39.810473 -78.214940 9998.700000 3 -26.000000 800 37372.057229 2572.669508 -387.333770 0 0 10.371690 0.409771 0.126221 0.334449 -0.025198 0.140499 -31.035156
2023-05-06T15:33:11.795753Z 1683387191.795753 60.000000 2031 eziemag AAAAAPeiZQ0A 39.810473 -78.214940 9998.700000 3 -25.875000 800 36984.089975 2614.523067 -3566.934540 0 0 10.074381 -0.411565 -0.270389 1.262811 -0.188605 -0.000764 -31.058594
2023-05-06T15:34:11.805584Z 1683387251.805584 60.000000 2031 eziemag AAAAAPeiZQ0A 39.810473 -78.214940 9998.700000 3 -25.625000 800 37286.539324 513.533553 -5671.462940 0 0 9.840483 0.270389 0.145364 -1.151481 0.083078 -0.030085 -31.046875
2023-05-06T15:35:11.8285382Z 1683387311.828538 60.000000 2028 eziemag AAAAAPeiZQ0A 39.810473 -78.214940 9998.700000 3 -25.625000 800 37384.967012 -2195.277923 -5892.819345 0 0 9.148359 0.177667 -0.416949 -0.868192 -0.193797 -0.073304 -31.054688
2023-05-06T15:36:11.8371408Z 1683387371.837141 60.000000 2030 eziemag AAAAAPeiZQ0A 39.810473 -78.214940 9998.700000 3 -25.750000 800 34376.817621 143.572012 -6614.139539 0 0 10.517652 -0.415753 0.026919 2.857017 -0.105527 -0.036346 -31.101562
2023-05-06T15:37:11.8457172Z 1683387431.845717 60.000000 2029 eziemag AAAAAPeiZQ0A 39.810473 -78.214940 9998.700000 3 -25.500000 800 37302.739515 -674.161526 -3847.952490 0 0 9.841679 0.157926 0.714856 0.339030 0.064904 0.097433 -31.156250
2023-05-06T15:38:11.854627Z 1683387491.854627 60.000000 2029 eziemag AAAAAPeiZQ0A 39.810473 -78.214940 9998.700000 3 -25.187500 800 37635.989833 2553.196286 -3639.240524 0 0 9.722038 0.370888 -0.593420 2.048384 0.095753 0.026573 -31.074219
2023-05-06T15:39:11.8562074Z 1683387551.856207 60.000000 2028 eziemag AAAAAPeiZQ0A 39.810473 -78.214940 9998.700000 3 -24.875000 800 37750.513046 2601.274350 -4147.886198 0 0 9.923634 0.265005 0.015553 -0.671188 -0.024893 0.065363 -30.957031
2023-05-06T15:40:11.874786Z 1683387611.874786 60.000000 2031 eziemag AAAAAPeiZQ0A 39.810473 -78.214940 9998.700000 3 -24.562500 800 38111.165988 1939.912320 2162.026934 0 0 9.939785 0.179462 -0.075374 0.555429 0.023671 0.026114 -30.707031
2023-05-06T15:41:11.9001796Z 1683387671.900180 60.000000 2031 eziemag AAAAAPeiZQ0A 39.810473 -78.214940 9998.700000 3 -24.250000 800 37954.593582 3674.096855 759.836889 0 0 9.895518 0.232104 -0.007777 -0.248469 -0.002443 0.011148 -30.320312
2023-05-06T15:42:11.911772Z 1683387731.911772 60.000000 2034 eziemag AAAAAPeiZQ0A 39.810473 -78.214940 9998.700000 3 -23.875000 800 37693.588330 -490.923444 -4107.463402 0 0 9.887143 0.050847 0.032901 0.277333 0.006567 0.005345 -29.980469
2023-05-06T15:43:11.9122963Z 1683387791.912296 60.000000 2032 eziemag AAAAAPeiZQ0A 39.810473 -78.214940 9998.700000 3 -23.687500 800 37703.963255 -5253.796153 -4919.246925 0 0 9.955937 0.035294 0.013161 0.063377 -0.006414 0.016188 -29.574219
2023-05-06T15:44:11.9394145Z 1683387851.939415 60.000000 2043 eziemag AAAAAPeiZQ0A 39.539832 -77.931230 20593.700000 3 -23.375000 800 37948.133784 -14004.855478 1257.600615 0 0 9.881161 0.004786 -0.097508 -0.168293 0.003054 0.027031 -29.273438
2023-05-06T15:45:11.9572957Z 1683387911.957296 60.000000 2038 eziemag AAAAAPeiZQ0A 39.536973 -77.933245 20692.700000 3 -23.062500 800 38456.276166 609.552922 12817.420427 0 0 9.851849 0.113659 -0.075972 0.158214 0.013744 0.015882 -28.917969
2023-05-06T15:46:11.9677463Z 1683387971.967746 60.000000 2038 eziemag AAAAAPeiZQ0A 39.534638 -77.935185 20778.000000 3 -22.687500 800 38401.595208 -1033.855106 12326.636093 0 0 9.922437 0.049053 -0.039482 0.058643 0.006567 0.014813 -28.578125
2023-05-06T15:47:11.9872081Z 1683388031.987208 60.000000 2041 eziemag AAAAAPeiZQ0A 39.532772 -77.937782 20845.800000 3 -22.250000 800 38370.545660 8487.373257 10760.709246 0 0 9.884750 0.074178 -0.028714 0.115301 0.008247 0.014661 -28.121094
2023-05-06T15:48:11.9893148Z 1683388091.989315 60.000000 2045 eziemag AAAAAPeiZQ0A 39.530955 -77.940098 20729.700000 3 -21.937500 800 38309.885709 778.214348 8726.537852 0 0 9.954740 0.317049 0.218943 0.108581 -0.011606 -0.010690 -27.714844
2023-05-06T15:49:12.0108306Z 1683388152.010831 60.000000 2029 eziemag AAAAAPeiZQ0A 39.528280 -77.941728 20519.600000 3 -21.562500 800 37506.165894 -130.343035 -12382.983515 0 0 10.011570 0.133998 0.040080 1.198518 -0.024435 0.027947 -27.335938
2023-05-06T15:50:12.0323272Z 1683388212.032327 60.000000 2045 eziemag AAAAAPeiZQ0A 39.523862 -77.943202 20313.300000 3 -21.375000 800 37499.850011 4522.792396 -7489.067173 0 0 9.943374 0.003589 -0.122034 0.131641 -0.092393 0.036041 -27.097656
2023-05-06T15:51:12.0334296Z 1683388272.033430 60.000000 2042 eziemag AAAAAPeiZQ0A 39.518695 -77.944905 20094.700000 3 -21.125000 800 37372.053959 1821.018931 -5901.130406 0 0 9.979267 0.381655 -0.089731 1.050077 -0.069791 0.013897 -26.984375
2023-05-06T15:52:12.0435545Z 1683388332.043555 60.000000 2044 eziemag AAAAAPeiZQ0A 39.515643 -77.943832 19885.000000 3 -20.937500 800 37295.736767 5108.828896 -7490.581545 0 0 9.815957 -0.099900 -0.227916 1.671938 -0.059101 -0.047953 -26.859375
2023-05-06T15:53:12.071715Z 1683388392.071715 60.000000 2044 eziemag AAAAAPeiZQ0A 39.513648 -77.943788 19691.900000 3 -20.812500 800 37425.652288 3946.052690 -5869.205924 0 0 9.748359 0.013161 -0.239880 1.334282 -0.021686 -0.069333 -26.734375
2023-05-06T15:54:12.0939283Z 1683388452.093928 60.000000 2043 eziemag AAAAAPeiZQ0A 39.508930 -77.944490 19461.300000 3 -20.687500 800 37764.865244 4112.949733 -4738.903283 0 0 10.031909 0.335593 0.153739 -1.543198 -0.073915 0.084452 -26.746094
2023-05-06T15:55:12.099058Z 1683388512.099058 60.000000 2042 eziemag AAAAAPeiZQ0A 39.502280 -77.941543 19263.800000 3 -20.562500 800 37631.387840 328.280516 -1645.977024 0 0 9.948160 -0.369691 -0.360120 -0.974635 0.096975 -0.042455 -26.703125
2023-05-06T15:56:12.108968Z 1683388572.108968 60.000000 2043 eziemag AAAAAPeiZQ0A 39.496858 -77.935190 19060.700000 3 -20.562500 800 37690.222694 3837.631532 -650.213258 0 0 10.003793 0.199801 -0.081954 -0.885449 0.048717 0.089644 -26.683594
2023-05-06T15:57:12.1304662Z 1683388632.130466 60.000000 2040 eziemag AAAAAPeiZQ0A 39.493910 -77.928842 18872.300000 3 -20.562500 800 37453.447406 4042.301218 -5608.084150 0 0 9.930214 0.041874 -0.195015 -1.712255 0.054825 0.004429 -26.687500
2023-05-06T15:58:12.157596Z 1683388692.157596 60.000000 2040 eziemag AAAAAPeiZQ0A 39.491282 -77.924078 18685.600000 3 -20.625000 800 37410.619767 2906.955438 -5384.333940 0 0 9.966106 -0.135194 0.483948 -0.420275 0.114690 -0.021838 -26.742188
2023-05-06T15:59:12.1615624Z 1683388752.161562 60.000000 2040 eziemag AAAAAPeiZQ0A 39.488565 -77.919192 18491.800000 3 -20.750000 800 37480.136999 4860.250168 -3614.594762 0 0 10.063015 0.172283 -0.504886 -1.090394 0.081703 0.187841 -26.812500
