2023-05-05T19:22:57.6071186Z 1683314577.607119 60.000000 2237 eziemag AAAAAPeiZQ0A 39.254490 -76.957695 182.500000 3 20.250000 800 -11969.334886 23210.555753 20537.373841 0 0 0.079561 -9.783055 0.823131 0.101556 -0.049175 0.027184 21.750000
2023-05-05T19:23:57.625518Z 1683314637.625518 60.000000 2236 eziemag AAAAAPeiZQ0A 39.254490 -76.957695 182.500000 3 20.312500 800 -25898.328630 36336.308033 602.626680 0 0 -0.504886 -9.783055 1.228116 0.006872 -0.007483 0.013439 21.730469
2023-05-05T19:24:57.638825Z 1683314697.638825 60.000000 2237 eziemag AAAAAPeiZQ0A 39.254565 -76.957783 180.700000 3 20.312500 800 -26268.275503 37123.935594 1578.416333 0 0 -0.463609 -9.790234 1.068993 0.001222 -0.006414 0.013592 21.742188
2023-05-05T19:25:57.6476886Z 1683314757.647689 60.000000 2232 eziemag AAAAAPeiZQ0A 39.254473 -76.957915 181.800000 3 20.437500 800 -25568.985263 37405.690696 -469.832870 0 0 -0.373879 -9.815358 0.998405 -0.006109 -0.007636 0.010996 21.816406
2023-05-05T19:26:57.6585152Z 1683314817.658515 60.000000 2234 eziemag AAAAAPeiZQ0A 39.254365 -76.957913 179.200000 3 20.187500 800 -25448.465068 37486.959853 -881.799754 0 0 -0.384048 -9.827322 1.177867 0.004887 -0.006720 0.011454 21.457031
2023-05-05T19:27:57.6660628Z 1683314877.666063 60.000000 2233 eziemag AAAAAPeiZQ0A 39.254430 -76.957943 177.800000 3 20.062500 800 -25504.624421 37305.840218 -711.795212 0 0 -0.187837 -10.016954 0.656232 0.149051 -0.017104 0.006261 21.226562
2023-05-05T19:28:57.6680658Z 1683314937.668066 60.000000 2234 eziemag AAAAAPeiZQ0A 39.254460 -76.957875 179.100000 3 19.812500 800 -24373.618561 37174.887859 -3011.842923 0 0 -0.357727 -10.007981 0.493520 -1.227534 0.027947 -0.388052 20.867188
2023-05-05T19:29:57.670915Z 1683314997.670915 60.000000 2210 eziemag AAAAAPeiZQ0A 39.254520 -76.957793 181.800000 3 19.750000 800 -2928.974557 37461.591657 2404.654267 0 0 -2.757130 -9.618549 -0.262612 0.123089 0.008094 0.002596 21.003906
2023-05-05T19:30:57.6753826Z 1683315057.675383 60.000000 2235 eziemag AAAAAPeiZQ0A 39.254462 -76.957668 180.400000 3 19.812500 800 1820.446544 33327.841376 9783.196350 0 0 -3.033501 -9.670593 -1.253839 -0.313068 -0.062156 -0.185092 21.140625
2023-05-05T19:31:57.680098Z 1683315117.680098 60.000000 2236 eziemag AAAAAPeiZQ0A 39.254468 -76.957682 180.000000 3 20.000000 800 -6944.749925 28445.575564 10436.221357 0 0 -8.543573 -5.297111 0.501895 0.059407 -0.036957 0.053909 21.320312
2023-05-05T19:32:57.7054513Z 1683315177.705451 60.000000 2236 eziemag AAAAAPeiZQ0A 39.254445 -76.957552 180.900000 3 20.062500 800 -34458.914287 15107.976273 11880.888812 0 0 -9.837492 1.090529 -1.490728 0.002596 -0.009927 0.013897 21.386719
2023-05-05T19:33:57.707227Z 1683315237.707227 60.000000 2235 eziemag AAAAAPeiZQ0A 39.254463 -76.957577 181.000000 3 20.375000 800 -17991.837526 20827.508691 11425.620281 0 0 -9.155537 -3.192025 2.500500 0.562454 0.029322 0.452346 21.808594
2023-05-05T19:34:57.7112684Z 1683315297.711268 60.000000 2237 eziemag AAAAAPeiZQ0A 39.254493 -76.957597 180.400000 3 20.437500 800 -5011.661278 25205.234889 18328.700424 0 0 -0.014357 -9.724431 1.213759 -0.015730 -0.046578 -0.028253 21.871094
2023-05-05T19:35:57.7204719Z 1683315357.720472 60.000000 2237 eziemag AAAAAPeiZQ0A 39.254450 -76.957658 178.400000 3 20.500000 800 -12045.040441 29024.864029 14246.010345 0 0 -5.079962 -8.408977 -2.165504 0.206472 0.145080 0.010996 21.914062
2023-05-05T19:36:57.731942Z 1683315417.731942 60.000000 2237 eziemag AAAAAPeiZQ0A 39.254448 -76.957678 175.700000 3 20.500000 800 -10070.493795 27347.763251 14944.098572 0 0 -0.280558 -9.884152 1.110270 0.179594 0.129045 0.010079 21.843750
2023-05-05T19:37:57.746447Z 1683315477.746447 60.000000 2236 eziemag AAAAAPeiZQ0A 39.254420 -76.957495 172.500000 3 20.625000 800 -4675.604219 27689.936266 15290.337171 0 0 0.021535 -9.819546 -0.003589 -0.019548 -0.007789 0.005803 21.960938
2023-05-05T19:38:57.7566674Z 1683315537.756667 60.000000 2232 eziemag AAAAAPeiZQ0A 39.254422 -76.957615 171.800000 3 20.625000 800 2838.729756 28227.960526 13537.184136 0 0 0.120239 -9.878768 -0.151944 0.006720 -0.007178 0.012828 21.847656
2023-05-05T19:39:57.762832Z 1683315597.762832 60.000000 2234 eziemag AAAAAPeiZQ0A 39.254425 -76.957608 169.900000 3 20.750000 800 5025.395706 33257.015831 -8418.379350 0 0 -1.257428 -9.796814 -0.357727 0.017715 1.158811 0.148593 21.972656
2023-05-05T19:40:57.7798629Z 1683315657.779863 60.000000 2237 eziemag AAAAAPeiZQ0A 39.254412 -76.957578 168.900000 3 20.875000 800 11112.515536 29589.571340 -6081.543553 0 0 -0.573679 -9.859626 0.165105 0.000611 -0.006567 0.012217 22.210938
2023-05-05T19:41:57.7851202Z 1683315717.785120 60.000000 2238 eziemag AAAAAPeiZQ0A 39.254433 -76.957605 167.300000 3 21.000000 800 12390.594628 28043.118739 -4471.317215 0 0 -0.563510 -9.868599 0.169292 0.000611 -0.006567 0.012217 22.214844
2023-05-05T19:42:57.816559Z 1683315777.816559 60.000000 2238 eziemag AAAAAPeiZQ0A 39.254428 -76.957638 166.800000 3 21.000000 800 12394.879355 28050.134569 -4452.195805 0 0 -0.576072 -9.866804 0.183051 0.000305 -0.006261 0.011912 22.265625
2023-05-05T19:43:57.8301241Z 1683315837.830124 60.000000 2237 eziemag AAAAAPeiZQ0A 39.254435 -76.957620 169.100000 3 21.125000 800 12407.103908 28054.128196 -4443.921132 0 0 -0.570688 -9.871590 0.189033 0.001069 -0.006872 0.012217 22.343750
2023-05-05T19:44:57.834213Z 1683315897.834213 60.000000 2239 eziemag AAAAAPeiZQ0A 39.254427 -76.957627 169.800000 3 21.187500 800 12412.710849 28066.236637 -4434.328742 0 0 -0.563510 -9.862018 0.191426 0.000305 -0.006567 0.011606 22.402344
2023-05-05T19:45:57.8384845Z 1683315957.838485 60.000000 2239 eziemag AAAAAPeiZQ0A 39.254428 -76.957692 170.000000 3 21.375000 800 12295.074667 28156.104684 -4361.839594 0 0 -0.573679 -9.866206 0.190229 0.000916 -0.006414 0.011148 22.601562
2023-05-05T19:46:57.8412547Z 1683316017.841255 60.000000 2240 eziemag AAAAAPeiZQ0A 39.254398 -76.957680 169.900000 3 21.312500 800 12188.388251 28246.139541 -4289.446934 0 0 -0.562313 -9.876375 0.190229 0.001222 -0.006414 0.011148 22.593750
2023-05-05T19:47:57.8433456Z 1683316077.843346 60.000000 2236 eziemag AAAAAPeiZQ0A 39.254432 -76.957802 169.100000 3 21.375000 800 7704.433547 29342.457106 6631.244919 0 0 -0.260818 -9.885348 0.175872 -0.019548 -0.007178 0.013744 22.488281
2023-05-05T19:48:57.8508687Z 1683316137.850869 60.000000 2238 eziemag AAAAAPeiZQ0A 39.254442 -76.957715 169.100000 3 21.562500 800 14050.669342 28168.703742 6886.214348 0 0 -0.994218 -9.964910 -0.257827 0.024129 -0.107054 -0.417526 23.554688
2023-05-05T19:49:57.854644Z 1683316197.854644 60.000000 2241 eziemag AAAAAPeiZQ0A 39.254437 -76.957723 168.400000 3 21.875000 800 19482.011392 31022.795959 -9455.798281 0 0 0.218345 -9.859027 -1.673779 -0.040928 0.022297 -0.014355 23.769531
2023-05-05T19:50:57.8567722Z 1683316257.856772 60.000000 2242 eziemag AAAAAPeiZQ0A 39.254437 -76.957752 166.400000 3 22.062500 800 14296.539044 30954.711330 -9956.092418 0 0 -0.875175 -6.136394 -7.021140 -0.861931 0.935387 -0.027794 23.746094
2023-05-05T19:51:57.8609655Z 1683316317.860965 60.000000 2241 eziemag AAAAAPeiZQ0A 39.254433 -76.957697 166.100000 3 22.000000 800 -27406.388775 29795.019064 -874.654421 0 0 -0.290728 -9.815358 0.373879 -0.088423 -0.012370 0.002596 23.546875
2023-05-05T19:52:57.8852954Z 1683316377.885295 60.000000 2240 eziemag AAAAAPeiZQ0A 39.254473 -76.957653 166.100000 3 21.937500 800 -27918.557491 29260.651540 3232.921721 0 0 -0.453440 -9.838090 0.547358 -0.003665 -0.004581 0.012370 23.312500
