2023-04-24T19:00:28.1597433Z 1682362828.159743 60.000000 2247 eziemag AAAAAPeiZQ0A 39.255640 -76.956960 152.600000 3 24.875000 800 -29770.373710 29298.344049 66761.420641 0 0 0.660419 0.792024 9.950553 0.001069 -0.005956 0.011912 25.859375
2023-04-24T19:01:28.1779828Z 1682362888.177983 60.000000 2247 eziemag AAAAAPeiZQ0A 39.255640 -76.956960 152.600000 3 24.812500 800 -29769.513494 29298.285175 66762.107506 0 0 0.661017 0.792622 9.960722 0.000916 -0.006261 0.010690 25.875000
2023-04-24T19:02:28.1833925Z 1682362948.183393 60.000000 2247 eziemag AAAAAPeiZQ0A 39.255640 -76.956960 152.600000 3 24.812500 800 -29771.904437 29298.913165 66764.959629 0 0 0.654437 0.797408 9.942178 0.001069 -0.006567 0.011301 25.882812
2023-04-24T19:03:28.1991804Z 1682363008.199180 60.000000 2241 eziemag AAAAAPeiZQ0A 39.255640 -76.956960 152.600000 3 24.812500 800 -29773.114627 29299.066892 66761.237478 0 0 0.675374 0.793819 9.951749 0.001374 -0.006414 0.011759 25.847656
2023-04-24T19:04:28.2009141Z 1682363068.200914 60.000000 2247 eziemag AAAAAPeiZQ0A 39.255640 -76.956960 152.600000 3 24.812500 800 -29771.927333 29298.501047 66762.074798 0 0 0.662812 0.792622 9.942178 0.000764 -0.005956 0.011454 25.875000
2023-04-24T19:05:28.204499Z 1682363128.204499 60.000000 2248 eziemag AAAAAPeiZQ0A 39.255640 -76.956960 152.600000 3 24.812500 800 -29774.671520 29299.671987 66764.037268 0 0 0.669392 0.792024 9.932008 0.001527 -0.005956 0.011148 25.890625
2023-04-24T19:06:28.2255616Z 1682363188.225562 60.000000 2248 eziemag AAAAAPeiZQ0A 39.255640 -76.956960 152.600000 3 24.812500 800 -29776.961068 29300.214937 66762.290670 0 0 0.672981 0.789033 9.952946 0.001374 -0.006261 0.011301 25.855469
2023-04-24T19:07:28.2352364Z 1682363248.235236 60.000000 2247 eziemag AAAAAPeiZQ0A 39.255640 -76.956960 152.600000 3 24.812500 800 -29780.706115 29303.027811 66763.533568 0 0 0.663410 0.796810 9.940981 0.000916 -0.006261 0.011454 25.863281
2023-04-24T19:08:28.2368622Z 1682363308.236862 60.000000 2241 eziemag AAAAAPeiZQ0A 39.255640 -76.956960 152.600000 3 24.812500 800 -29782.979310 29304.290333 66763.448527 0 0 0.666401 0.789631 9.941580 0.000916 -0.006109 0.011454 25.847656
2023-04-24T19:09:28.258087Z 1682363368.258087 60.000000 2245 eziemag AAAAAPeiZQ0A 39.255640 -76.956960 152.600000 3 24.875000 800 -29784.487141 29304.869262 66766.647353 0 0 0.664008 0.794417 9.935598 0.000916 -0.006567 0.010996 25.847656
2023-04-24T19:10:28.261381Z 1682363428.261381 60.000000 2245 eziemag AAAAAPeiZQ0A 39.255640 -76.956960 152.600000 3 24.812500 800 -29786.243552 29304.257626 66764.776465 0 0 0.667598 0.787239 9.949955 0.000611 -0.005803 0.011912 25.812500
2023-04-24T19:11:28.2704835Z 1682363488.270483 60.000000 2247 eziemag AAAAAPeiZQ0A 39.255640 -76.956960 152.600000 3 24.812500 800 -29785.406231 29305.258485 66765.064294 0 0 0.657428 0.787837 9.942178 0.000611 -0.006261 0.011606 25.847656
2023-04-24T19:12:28.296919Z 1682363548.296919 60.000000 2249 eziemag AAAAAPeiZQ0A 39.255640 -76.956960 152.600000 3 24.812500 800 -29784.343227 29303.495533 66764.475553 0 0 0.671187 0.789033 9.966106 0.000153 -0.005651 0.011606 25.835938
2023-04-24T19:13:28.2994308Z 1682363608.299431 60.000000 2249 eziemag AAAAAPeiZQ0A 39.255640 -76.956960 152.600000 3 24.812500 800 -29782.734001 29302.066201 66764.455929 0 0 0.673580 0.781257 9.943973 0.000916 -0.006109 0.011301 25.847656
2023-04-24T19:14:28.3099356Z 1682363668.309936 60.000000 2248 eziemag AAAAAPeiZQ0A 39.255640 -76.956960 152.600000 3 24.812500 800 -29780.627617 29299.217348 66762.892494 0 0 0.671187 0.790230 9.950553 0.001222 -0.006109 0.011454 25.863281
2023-04-24T19:15:28.3294814Z 1682363728.329481 60.000000 2243 eziemag AAAAAPeiZQ0A 39.255640 -76.956960 152.600000 3 24.812500 800 -29780.117374 29300.260728 66764.390513 0 0 0.661615 0.795015 9.939187 0.001527 -0.006414 0.011301 25.835938
2023-04-24T19:16:28.344145Z 1682363788.344145 60.000000 2248 eziemag AAAAAPeiZQ0A 39.255640 -76.956960 152.600000 3 24.812500 800 -29788.052295 29301.349899 66766.379149 0 0 0.674178 0.786640 9.948160 0.000764 -0.006109 0.011912 25.816406
2023-04-24T19:17:28.3689268Z 1682363848.368927 60.000000 2247 eziemag AAAAAPeiZQ0A 39.255640 -76.956960 152.600000 3 24.812500 800 -29788.614870 29297.457667 66763.795230 0 0 0.684347 0.788435 9.944571 0.000916 -0.006414 0.011301 25.855469
2023-04-24T19:18:28.3739965Z 1682363908.373996 60.000000 2248 eziemag AAAAAPeiZQ0A 39.255640 -76.956960 152.600000 3 24.812500 800 -29788.712993 29297.631018 66765.901615 0 0 0.674776 0.785444 9.949356 0.001527 -0.006109 0.010996 25.824219
2023-04-24T19:19:28.3808753Z 1682363968.380875 60.000000 2244 eziemag AAAAAPeiZQ0A 39.255640 -76.956960 152.600000 3 24.812500 800 -29786.070200 29297.003028 66768.380869 0 0 0.666401 0.794417 9.950553 0.001374 -0.006872 0.012065 25.832031
2023-04-24T19:20:28.397061Z 1682364028.397061 60.000000 2248 eziemag AAAAAPeiZQ0A 39.255640 -76.956960 152.600000 3 24.812500 800 -29775.178491 29290.850684 66762.565416 0 0 0.658624 0.791426 9.936794 0.001222 -0.006414 0.011148 25.824219
2023-04-24T19:21:28.4102497Z 1682364088.410250 60.000000 2245 eziemag AAAAAPeiZQ0A 39.255640 -76.956960 152.600000 3 24.750000 800 -29770.131672 29290.052613 66762.486917 0 0 0.664606 0.789631 9.945169 0.001374 -0.005956 0.011301 25.828125
2023-04-24T19:22:28.4217925Z 1682364148.421793 60.000000 2245 eziemag AAAAAPeiZQ0A 39.255640 -76.956960 152.600000 3 24.750000 800 -29772.620739 29289.921782 66765.803491 0 0 0.664606 0.788435 9.954740 0.001374 -0.005803 0.011301 25.835938
2023-04-24T19:23:28.4390342Z 1682364208.439034 60.000000 2245 eziemag AAAAAPeiZQ0A 39.255640 -76.956960 152.600000 3 24.812500 800 -29778.933351 29289.280708 66763.755981 0 0 0.674776 0.801596 9.950553 0.001680 -0.007025 0.011454 25.847656
2023-04-24T19:24:28.446763Z 1682364268.446763 60.000000 2248 eziemag AAAAAPeiZQ0A 39.255640 -76.956960 152.600000 3 24.812500 800 -29773.683743 29289.061565 66764.737216 0 0 0.669392 0.787837 9.951151 0.000916 -0.005651 0.011759 25.835938
2023-04-24T19:25:28.4691756Z 1682364328.469176 60.000000 2247 eziemag AAAAAPeiZQ0A 39.255640 -76.956960 152.600000 3 24.812500 800 -29771.593713 29289.015775 66765.136251 0 0 0.663410 0.797408 9.958329 0.001374 -0.006414 0.011454 25.781250
2023-04-24T19:26:28.4724894Z 1682364388.472489 60.000000 2247 eziemag AAAAAPeiZQ0A 39.255640 -76.956960 152.600000 3 24.812500 800 -29773.101544 29294.239216 66769.734973 0 0 0.677767 0.781257 9.935598 0.001374 -0.006261 0.011301 25.828125
2023-04-24T19:27:28.4839704Z 1682364448.483970 60.000000 2244 eziemag AAAAAPeiZQ0A 39.255640 -76.956960 152.600000 3 24.750000 800 -29774.557042 29296.895092 66769.721890 0 0 0.674178 0.789631 9.951151 0.000916 -0.006414 0.011301 25.820312
2023-04-24T19:28:28.502929Z 1682364508.502929 60.000000 2247 eziemag AAAAAPeiZQ0A 39.255640 -76.956960 152.600000 3 24.812500 800 -29776.987235 29298.537025 66772.403932 0 0 0.660419 0.793221 9.949356 0.000916 -0.006261 0.011606 25.839844
2023-04-24T19:29:28.5030587Z 1682364568.503059 60.000000 2248 eziemag AAAAAPeiZQ0A 39.255640 -76.956960 152.600000 3 24.750000 800 -29777.680641 29297.565603 66771.481571 0 0 0.671187 0.794417 9.948160 0.001680 -0.006720 0.012065 25.812500
2023-04-24T19:30:28.5127244Z 1682364628.512724 60.000000 2247 eziemag AAAAAPeiZQ0A 39.255640 -76.956960 152.600000 3 24.750000 800 -29776.457368 29297.346460 66769.643391 0 0 0.671785 0.793819 9.952347 0.001374 -0.006567 0.011454 25.808594
2023-04-24T19:31:28.5184753Z 1682364688.518475 60.000000 2247 eziemag AAAAAPeiZQ0A 39.255640 -76.956960 152.600000 3 24.812500 800 -29778.887560 29296.476432 66770.448004 0 0 0.671785 0.796810 9.950553 0.001374 -0.006567 0.011454 25.855469
2023-04-24T19:32:28.5441658Z 1682364748.544166 60.000000 2247 eziemag AAAAAPeiZQ0A 39.255640 -76.956960 152.600000 3 24.750000 800 -29781.134588 29296.541847 66774.732730 0 0 0.668196 0.786640 9.948160 0.001069 -0.006567 0.011148 25.851562
2023-04-24T19:33:28.5539968Z 1682364808.553997 60.000000 2247 eziemag AAAAAPeiZQ0A 39.255640 -76.956960 152.600000 3 24.812500 800 -29778.115655 29296.195144 66773.175837 0 0 0.671187 0.784846 9.946365 0.001527 -0.006720 0.011454 25.863281
2023-04-24T19:34:28.5570905Z 1682364868.557091 60.000000 2248 eziemag AAAAAPeiZQ0A 39.255640 -76.956960 152.600000 3 24.750000 800 -29775.750878 29293.993907 66768.989234 0 0 0.665205 0.793819 9.945169 0.001222 -0.005956 0.012217 25.898438
2023-04-24T19:35:28.5612063Z 1682364928.561206 60.000000 2244 eziemag AAAAAPeiZQ0A 39.255640 -76.956960 152.600000 3 24.750000 800 -29777.821284 29294.203237 66771.193743 0 0 0.678963 0.800399 9.946365 0.000458 -0.006414 0.011454 25.851562
2023-04-24T19:36:28.571637Z 1682364988.571637 60.000000 2248 eziemag AAAAAPeiZQ0A 39.255640 -76.956960 152.600000 3 24.750000 800 -29775.479403 29293.778035 66771.703985 0 0 0.671785 0.785444 9.945169 0.000916 -0.006414 0.011606 25.839844
2023-04-24T19:37:28.5941887Z 1682365048.594189 60.000000 2247 eziemag AAAAAPeiZQ0A 39.255640 -76.956960 152.600000 3 24.750000 800 -29770.870869 29294.353693 66770.925538 0 0 0.670589 0.796212 9.955937 0.000764 -0.005956 0.011148 25.851562
2023-04-24T19:38:28.5952518Z 1682365108.595252 60.000000 2244 eziemag AAAAAPeiZQ0A 39.255640 -76.956960 152.600000 3 24.750000 800 -29773.497309 29298.157614 66770.487253 0 0 0.662812 0.787239 9.943374 0.001374 -0.006261 0.011301 25.816406
2023-04-24T19:39:28.6001043Z 1682365168.600104 60.000000 2247 eziemag AAAAAPeiZQ0A 39.255640 -76.956960 152.600000 3 24.750000 800 -29777.579246 29297.637560 66769.054650 0 0 0.669990 0.798605 9.958928 0.000916 -0.005803 0.011606 25.812500
2023-04-24T19:40:28.6107192Z 1682365228.610719 60.000000 2245 eziemag AAAAAPeiZQ0A 39.255640 -76.956960 152.600000 3 24.750000 800 -29774.750019 29297.431500 66771.494655 0 0 0.679562 0.794417 9.943374 0.001069 -0.006414 0.011454 25.925781
2023-04-24T19:41:28.6285079Z 1682365288.628508 60.000000 2246 eziemag AAAAAPeiZQ0A 39.255640 -76.956960 152.600000 3 24.812500 800 -29776.660156 29294.049510 66769.002318 0 0 0.670589 0.793221 9.952946 0.001527 -0.007483 0.011759 25.847656
2023-04-24T19:42:28.6513054Z 1682365348.651305 60.000000 2249 eziemag AAAAAPeiZQ0A 39.255640 -76.956960 152.600000 3 24.750000 800 -29775.636401 29292.564575 66770.918997 0 0 0.666999 0.796212 9.942178 0.001222 -0.005956 0.011148 25.871094
2023-04-24T19:43:28.672877Z 1682365408.672877 60.000000 2247 eziemag AAAAAPeiZQ0A 39.255640 -76.956960 152.600000 3 24.750000 800 -29775.629859 29296.028334 66769.041567 0 0 0.672383 0.787837 9.943374 0.000611 -0.005803 0.011606 25.882812
2023-04-24T19:44:28.6964538Z 1682365468.696454 60.000000 2247 eziemag AAAAAPeiZQ0A 39.255640 -76.956960 152.600000 3 24.750000 800 -29775.185033 29298.847750 66773.810369 0 0 0.667598 0.784846 9.942776 0.001222 -0.006414 0.011606 25.847656
2023-04-24T19:45:28.7001545Z 1682365528.700155 60.000000 2247 eziemag AAAAAPeiZQ0A 39.255640 -76.956960 152.600000 3 24.750000 800 -29780.846759 29297.859973 66776.335414 0 0 0.673580 0.778864 9.943374 0.000916 -0.006567 0.011301 25.855469
2023-04-24T19:46:28.7080352Z 1682365588.708035 60.000000 2248 eziemag AAAAAPeiZQ0A 39.255640 -76.956960 152.600000 3 24.750000 800 -29780.058500 29298.465068 66776.714825 0 0 0.672383 0.793819 9.934401 0.001374 -0.006414 0.010996 25.828125
2023-04-24T19:47:28.72221Z 1682365648.722210 60.000000 2244 eziemag AAAAAPeiZQ0A 39.255640 -76.956960 152.600000 3 24.750000 800 -29777.016672 29299.688341 66773.568331 0 0 0.675972 0.793221 9.942776 0.001069 -0.006414 0.011148 25.843750
2023-04-24T19:48:28.7459137Z 1682365708.745914 60.000000 2246 eziemag AAAAAPeiZQ0A 39.255640 -76.956960 152.600000 3 24.750000 800 -29777.222731 29299.511719 66773.417875 0 0 0.669392 0.792024 9.943973 0.001222 -0.005956 0.011301 25.835938
2023-04-24T19:49:28.7570124Z 1682365768.757012 60.000000 2248 eziemag AAAAAPeiZQ0A 39.255640 -76.956960 152.600000 3 24.750000 800 -29773.657577 29298.733272 66773.856160 0 0 0.662812 0.783649 9.945169 0.000916 -0.006720 0.011454 25.812500
2023-04-24T19:50:28.7793603Z 1682365828.779360 60.000000 2248 eziemag AAAAAPeiZQ0A 39.255640 -76.956960 152.600000 3 24.750000 800 -29775.178491 29297.519812 66773.306669 0 0 0.658026 0.793221 9.954142 0.000611 -0.006567 0.011301 25.800781
2023-04-24T19:51:28.7962887Z 1682365888.796289 60.000000 2246 eziemag AAAAAPeiZQ0A 39.255640 -76.956960 152.600000 3 24.750000 800 -29779.054370 29296.025064 66773.476749 0 0 0.675972 0.804587 9.937990 0.001680 -0.006261 0.011454 25.839844
2023-04-24T19:52:28.8039515Z 1682365948.803952 60.000000 2244 eziemag AAAAAPeiZQ0A 39.255640 -76.956960 152.600000 3 24.750000 800 -29779.123056 29296.322705 66774.372944 0 0 0.658624 0.784846 9.944571 0.000764 -0.006109 0.011301 25.855469
2023-04-24T19:53:28.8039775Z 1682366008.803977 60.000000 2247 eziemag AAAAAPeiZQ0A 39.255640 -76.956960 152.600000 3 24.750000 800 -29778.318443 29295.168118 66774.804688 0 0 0.665803 0.789631 9.951749 0.001069 -0.006567 0.011759 25.824219
2023-04-24T19:54:28.8039875Z 1682366068.803988 60.000000 2246 eziemag AAAAAPeiZQ0A 39.255640 -76.956960 152.600000 3 24.750000 800 -29780.447724 29295.341470 66773.967367 0 0 0.668794 0.795015 9.952347 0.000916 -0.006720 0.010996 25.824219
2023-04-24T19:55:28.82371Z 1682366128.823710 60.000000 2245 eziemag AAAAAPeiZQ0A 39.255640 -76.956960 152.600000 3 24.750000 800 -29782.926977 29295.119057 66771.874065 0 0 0.665205 0.784248 9.949955 0.001374 -0.005956 0.011606 25.792969
2023-04-24T19:56:28.8405538Z 1682366188.840554 60.000000 2248 eziemag AAAAAPeiZQ0A 39.255640 -76.956960 152.600000 3 24.687500 800 -29778.073135 29297.025923 66773.653372 0 0 0.659821 0.786042 9.945767 0.001680 -0.005498 0.011759 25.839844
2023-04-24T19:57:28.8582845Z 1682366248.858284 60.000000 2247 eziemag AAAAAPeiZQ0A 39.255640 -76.956960 152.600000 3 24.750000 800 -29777.324125 29297.078256 66773.751495 0 0 0.678963 0.793221 9.954142 0.000458 -0.005956 0.011606 25.835938
2023-04-24T19:58:28.8614874Z 1682366308.861487 60.000000 2249 eziemag AAAAAPeiZQ0A 39.255640 -76.956960 152.600000 3 24.687500 800 -29780.022522 29296.509140 66772.783343 0 0 0.662214 0.795614 9.948160 0.001222 -0.005651 0.012065 25.777344
2023-04-24T19:59:28.877794Z 1682366368.877794 60.000000 2247 eziemag AAAAAPeiZQ0A 39.255640 -76.956960 152.600000 3 24.750000 800 -29782.128906 29296.401204 66771.978731 0 0 0.663410 0.784248 9.937392 0.001374 -0.006720 0.011148 25.785156
