2023-04-24T17:00:26.6659164Z 1682355626.665916 60.000000 2250 eziemag AAAAAPeiZQ0A 39.255640 -76.956960 152.600000 3 25.312500 800 -29771.554463 29270.947967 66772.750635 0 0 0.665803 0.786042 9.946365 0.001374 -0.005651 0.011454 26.539062
2023-04-24T17:01:26.683643Z 1682355686.683643 60.000000 2249 eziemag AAAAAPeiZQ0A 39.255640 -76.956960 152.600000 3 25.375000 800 -29770.681164 29271.422230 66775.184098 0 0 0.665205 0.784248 9.949356 0.001069 -0.005956 0.011148 26.585938
2023-04-24T17:02:26.688475Z 1682355746.688475 60.000000 2250 eziemag AAAAAPeiZQ0A 39.255640 -76.956960 152.600000 3 25.375000 800 -29769.438266 29272.197406 66773.339376 0 0 0.671187 0.790828 9.943973 0.001527 -0.006109 0.011148 26.531250
2023-04-24T17:03:26.6947937Z 1682355806.694794 60.000000 2249 eziemag AAAAAPeiZQ0A 39.255640 -76.956960 152.600000 3 25.375000 800 -29767.446359 29275.042987 66774.673856 0 0 0.666401 0.783051 9.949955 0.000611 -0.006414 0.010996 26.566406
2023-04-24T17:04:26.7086325Z 1682355866.708632 60.000000 2248 eziemag AAAAAPeiZQ0A 39.255640 -76.956960 152.600000 3 25.375000 800 -29765.225497 29271.405876 66775.746673 0 0 0.669392 0.796810 9.945767 0.001069 -0.006414 0.011301 26.507812
2023-04-24T17:05:26.720956Z 1682355926.720956 60.000000 2250 eziemag AAAAAPeiZQ0A 39.255640 -76.956960 152.600000 3 25.312500 800 -29761.235141 29266.296912 66771.376906 0 0 0.669990 0.784248 9.949356 0.001374 -0.006109 0.011606 26.515625
2023-04-24T17:06:26.73769Z 1682355986.737690 60.000000 2248 eziemag AAAAAPeiZQ0A 39.255640 -76.956960 152.600000 3 25.312500 800 -29760.113263 29265.449779 66771.723609 0 0 0.666401 0.790230 9.957731 0.001374 -0.006109 0.011148 26.453125
2023-04-24T17:07:26.7522438Z 1682356046.752244 60.000000 2249 eziemag AAAAAPeiZQ0A 39.255640 -76.956960 152.600000 3 25.312500 800 -29757.640550 29269.528446 66768.230413 0 0 0.663410 0.786640 9.953544 0.000611 -0.006414 0.011606 26.472656
2023-04-24T17:08:26.7730193Z 1682356106.773019 60.000000 2250 eziemag AAAAAPeiZQ0A 39.255640 -76.956960 152.600000 3 25.312500 800 -29754.857113 29268.821957 66758.182566 0 0 0.670589 0.778266 9.936794 0.001222 -0.006109 0.011301 26.457031
2023-04-24T17:09:26.7992918Z 1682356166.799292 60.000000 2248 eziemag AAAAAPeiZQ0A 39.255640 -76.956960 152.600000 3 25.312500 800 -29764.005495 29273.116496 66761.342143 0 0 0.666999 0.783051 9.952347 0.000764 -0.005803 0.011454 26.453125
2023-04-24T17:10:26.800989Z 1682356226.800989 60.000000 2248 eziemag AAAAAPeiZQ0A 39.255640 -76.956960 152.600000 3 25.312500 800 -29771.286259 29277.047978 66757.724656 0 0 0.660419 0.799801 9.942776 0.001374 -0.006109 0.011148 26.425781
2023-04-24T17:11:26.8182166Z 1682356286.818217 60.000000 2247 eziemag AAAAAPeiZQ0A 39.255640 -76.956960 152.600000 3 25.312500 800 -29771.253551 29275.935911 66757.260205 0 0 0.669990 0.784846 9.943973 0.001374 -0.005803 0.010996 26.378906
2023-04-24T17:12:26.8182864Z 1682356346.818286 60.000000 2248 eziemag AAAAAPeiZQ0A 39.255640 -76.956960 152.600000 3 25.250000 800 -29769.506953 29276.001327 66757.809696 0 0 0.668794 0.786640 9.942178 0.000764 -0.005651 0.010996 26.375000
2023-04-24T17:13:26.8183222Z 1682356406.818322 60.000000 2250 eziemag AAAAAPeiZQ0A 39.255640 -76.956960 152.600000 3 25.250000 800 -29767.289362 29274.990655 66757.796613 0 0 0.675972 0.778864 9.940383 0.000611 -0.005956 0.011148 26.324219
2023-04-24T17:14:26.831895Z 1682356466.831895 60.000000 2251 eziemag AAAAAPeiZQ0A 39.255640 -76.956960 152.600000 3 25.312500 800 -29767.361319 29275.726581 66762.526166 0 0 0.668794 0.784846 9.950553 0.000916 -0.006872 0.010996 26.347656
2023-04-24T17:15:26.8525236Z 1682356526.852524 60.000000 2249 eziemag AAAAAPeiZQ0A 39.255640 -76.956960 152.600000 3 25.250000 800 -29765.248393 29273.397783 66766.523064 0 0 0.663410 0.780060 9.954740 0.001069 -0.006261 0.011454 26.332031
2023-04-24T17:16:26.8707805Z 1682356586.870780 60.000000 2248 eziemag AAAAAPeiZQ0A 39.255640 -76.956960 152.600000 3 25.250000 800 -29766.455312 29274.035586 66764.920380 0 0 0.674776 0.785444 9.938589 0.001833 -0.006261 0.011148 26.335938
2023-04-24T17:17:26.8739371Z 1682356646.873937 60.000000 2249 eziemag AAAAAPeiZQ0A 39.255640 -76.956960 152.600000 3 25.187500 800 -29766.069359 29271.278316 66765.306332 0 0 0.662812 0.782453 9.948758 0.001069 -0.006414 0.011148 26.300781
2023-04-24T17:18:26.8838758Z 1682356706.883876 60.000000 2248 eziemag AAAAAPeiZQ0A 39.255640 -76.956960 152.600000 3 25.250000 800 -29763.743832 29274.467330 66766.935182 0 0 0.669990 0.792024 9.946365 0.001069 -0.006872 0.011301 26.324219
2023-04-24T17:19:26.8923445Z 1682356766.892344 60.000000 2245 eziemag AAAAAPeiZQ0A 39.255640 -76.956960 152.600000 3 25.250000 800 -29764.623673 29274.470600 66764.253140 0 0 0.668196 0.790828 9.958329 0.000916 -0.006414 0.012217 26.273438
2023-04-24T17:20:26.8961625Z 1682356826.896163 60.000000 2251 eziemag AAAAAPeiZQ0A 39.255640 -76.956960 152.600000 3 25.125000 800 -29764.188659 29275.504168 66765.110085 0 0 0.664008 0.782453 9.937392 0.000916 -0.005956 0.011301 26.292969
2023-04-24T17:21:26.931008Z 1682356886.931008 60.000000 2251 eziemag AAAAAPeiZQ0A 39.255640 -76.956960 152.600000 3 25.187500 800 -29763.845227 29278.078275 66768.825695 0 0 0.670589 0.789631 9.948160 0.001222 -0.006720 0.011148 26.253906
2023-04-24T17:22:26.9420037Z 1682356946.942004 60.000000 2250 eziemag AAAAAPeiZQ0A 39.255640 -76.956960 152.600000 3 25.187500 800 -29764.698901 29276.334947 66767.013681 0 0 0.658026 0.788435 9.949955 -0.000153 -0.006567 0.011301 26.226562
2023-04-24T17:23:26.9587374Z 1682357006.958737 60.000000 2247 eziemag AAAAAPeiZQ0A 39.255640 -76.956960 152.600000 3 25.125000 800 -29762.710265 29276.727441 66762.827078 0 0 0.669990 0.795614 9.952946 0.001069 -0.005803 0.010843 26.257812
2023-04-24T17:24:26.981206Z 1682357066.981206 60.000000 2249 eziemag AAAAAPeiZQ0A 39.255640 -76.956960 152.600000 3 25.125000 800 -29762.167315 29273.620197 66763.278446 0 0 0.670589 0.783051 9.942178 0.001222 -0.006414 0.011301 26.253906
2023-04-24T17:25:26.987596Z 1682357126.987596 60.000000 2250 eziemag AAAAAPeiZQ0A 39.255640 -76.956960 152.600000 3 25.125000 800 -29763.508336 29276.027493 66762.663539 0 0 0.666999 0.774078 9.949356 0.001222 -0.006109 0.010843 26.238281
2023-04-24T17:26:27.0095177Z 1682357187.009518 60.000000 2250 eziemag AAAAAPeiZQ0A 39.255640 -76.956960 152.600000 3 25.125000 800 -29766.259065 29277.918006 66763.252280 0 0 0.671785 0.797408 9.939785 0.001374 -0.007178 0.011606 26.234375
2023-04-24T17:27:27.0320663Z 1682357247.032066 60.000000 2247 eziemag AAAAAPeiZQ0A 39.255640 -76.956960 152.600000 3 25.125000 800 -29767.269737 29279.573023 66763.684024 0 0 0.669990 0.789033 9.949955 0.000153 -0.006261 0.011454 26.234375
2023-04-24T17:28:27.0429068Z 1682357307.042907 60.000000 2249 eziemag AAAAAPeiZQ0A 39.255640 -76.956960 152.600000 3 25.125000 800 -29767.093115 29279.141279 66759.497421 0 0 0.674776 0.786640 9.948160 0.000916 -0.006109 0.010996 26.222656
2023-04-24T17:29:27.0492766Z 1682357367.049277 60.000000 2247 eziemag AAAAAPeiZQ0A 39.255640 -76.956960 152.600000 3 25.125000 800 -29767.567378 29278.343208 66760.151577 0 0 0.669990 0.787239 9.949356 0.001374 -0.006109 0.011301 26.234375
2023-04-24T17:30:27.0655916Z 1682357427.065592 60.000000 2249 eziemag AAAAAPeiZQ0A 39.255640 -76.956960 152.600000 3 25.125000 800 -29767.874832 29278.261438 66760.413240 0 0 0.674178 0.792024 9.935598 0.001222 -0.006720 0.011148 26.207031
2023-04-24T17:31:27.0660913Z 1682357487.066091 60.000000 2248 eziemag AAAAAPeiZQ0A 39.255640 -76.956960 152.600000 3 25.062500 800 -29767.855207 29277.551678 66759.288091 0 0 0.674776 0.784248 9.942776 0.001374 -0.005956 0.011301 26.191406
2023-04-24T17:32:27.088254Z 1682357547.088254 60.000000 2249 eziemag AAAAAPeiZQ0A 39.255640 -76.956960 152.600000 3 25.062500 800 -29764.872253 29277.633448 66757.489160 0 0 0.667598 0.788435 9.946964 0.000916 -0.006414 0.010843 26.187500
2023-04-24T17:33:27.1006107Z 1682357607.100611 60.000000 2249 eziemag AAAAAPeiZQ0A 39.255640 -76.956960 152.600000 3 25.062500 800 -29760.966937 29275.909745 66755.670604 0 0 0.659821 0.784248 9.960124 0.001069 -0.006720 0.011759 26.167969
2023-04-24T17:34:27.1148114Z 1682357667.114811 60.000000 2248 eziemag AAAAAPeiZQ0A 39.255640 -76.956960 152.600000 3 25.062500 800 -29760.270260 29275.991515 66755.108029 0 0 0.671785 0.783649 9.946964 0.001069 -0.006720 0.011759 26.175781
2023-04-24T17:35:27.1252494Z 1682357727.125249 60.000000 2249 eziemag AAAAAPeiZQ0A 39.255640 -76.956960 152.600000 3 25.062500 800 -29762.726619 29278.225460 66755.827602 0 0 0.661615 0.780060 9.951749 0.000916 -0.006872 0.010996 26.128906
2023-04-24T17:36:27.1444638Z 1682357787.144464 60.000000 2249 eziemag AAAAAPeiZQ0A 39.255640 -76.956960 152.600000 3 25.062500 800 -29764.185388 29278.994094 66756.494842 0 0 0.659821 0.797408 9.948160 0.000458 -0.006414 0.010996 26.156250
2023-04-24T17:37:27.1634464Z 1682357847.163446 60.000000 2248 eziemag AAAAAPeiZQ0A 39.255640 -76.956960 152.600000 3 25.000000 800 -29763.779811 29278.601600 66756.161222 0 0 0.670589 0.787837 9.946365 0.001222 -0.005803 0.011454 26.128906
2023-04-24T17:38:27.1732445Z 1682357907.173244 60.000000 2243 eziemag AAAAAPeiZQ0A 39.255640 -76.956960 152.600000 3 25.062500 800 -29765.732469 29279.720208 66758.738599 0 0 0.662214 0.792622 9.952946 0.000764 -0.006109 0.011454 26.144531
2023-04-24T17:39:27.185865Z 1682357967.185865 60.000000 2244 eziemag AAAAAPeiZQ0A 39.255640 -76.956960 152.600000 3 25.062500 800 -29763.554127 29278.408624 66754.787493 0 0 0.662214 0.786042 9.942776 0.000611 -0.005803 0.011301 26.132812
2023-04-24T17:40:27.2017717Z 1682358027.201772 60.000000 2250 eziemag AAAAAPeiZQ0A 39.255640 -76.956960 152.600000 3 25.000000 800 -29764.146139 29280.564070 66756.952751 0 0 0.673580 0.784846 9.945767 0.001374 -0.006720 0.011759 26.156250
2023-04-24T17:41:27.2177746Z 1682358087.217775 60.000000 2250 eziemag AAAAAPeiZQ0A 39.255640 -76.956960 152.600000 3 25.000000 800 -29764.653110 29279.599189 66759.261924 0 0 0.666999 0.789631 9.942776 0.001374 -0.006414 0.011454 26.089844
2023-04-24T17:42:27.2267811Z 1682358147.226781 60.000000 2250 eziemag AAAAAPeiZQ0A 39.255640 -76.956960 152.600000 3 25.000000 800 -29761.002916 29278.879616 66757.776989 0 0 0.665205 0.793819 9.943973 0.000916 -0.006109 0.011301 26.089844
2023-04-24T17:43:27.2525089Z 1682358207.252509 60.000000 2247 eziemag AAAAAPeiZQ0A 39.255640 -76.956960 152.600000 3 25.000000 800 -29763.835414 29280.793025 66757.325621 0 0 0.673580 0.778864 9.948758 0.001833 -0.006109 0.011148 26.093750
2023-04-24T17:44:27.2747157Z 1682358267.274716 60.000000 2248 eziemag AAAAAPeiZQ0A 39.255640 -76.956960 152.600000 3 25.062500 800 -29763.344797 29280.786483 66760.727235 0 0 0.664606 0.781855 9.945767 0.001069 -0.005345 0.011148 26.074219
2023-04-24T17:45:27.283122Z 1682358327.283122 60.000000 2249 eziemag AAAAAPeiZQ0A 39.255640 -76.956960 152.600000 3 25.000000 800 -29762.415894 29281.865842 66760.079620 0 0 0.666401 0.795015 9.945767 0.000764 -0.006414 0.010996 26.078125
2023-04-24T17:46:27.3024Z 1682358387.302400 60.000000 2249 eziemag AAAAAPeiZQ0A 39.255640 -76.956960 152.600000 3 25.062500 800 -29765.758635 29282.542894 66760.949649 0 0 0.666401 0.793221 9.943374 0.001527 -0.006109 0.011454 26.097656
2023-04-24T17:47:27.3120937Z 1682358447.312094 60.000000 2248 eziemag AAAAAPeiZQ0A 39.255640 -76.956960 152.600000 3 25.000000 800 -29766.527269 29282.304127 66762.349544 0 0 0.664008 0.790828 9.953544 0.001069 -0.006109 0.011454 26.066406
2023-04-24T17:48:27.3221524Z 1682358507.322152 60.000000 2251 eziemag AAAAAPeiZQ0A 39.255640 -76.956960 152.600000 3 25.000000 800 -29765.130644 29279.357151 66758.823639 0 0 0.667598 0.777069 9.947562 0.001374 -0.006872 0.010690 26.058594
2023-04-24T17:49:27.3477602Z 1682358567.347760 60.000000 2247 eziemag AAAAAPeiZQ0A 39.255640 -76.956960 152.600000 3 25.000000 800 -29767.390756 29284.894587 66763.546651 0 0 0.667598 0.784846 9.941580 0.000764 -0.005803 0.011454 26.089844
2023-04-24T17:50:27.348645Z 1682358627.348645 60.000000 2248 eziemag AAAAAPeiZQ0A 39.255640 -76.956960 152.600000 3 25.062500 800 -29767.436547 29286.477647 66762.604665 0 0 0.658026 0.786042 9.950553 0.001222 -0.006109 0.011454 26.054688
2023-04-24T17:51:27.3648136Z 1682358687.364814 60.000000 2247 eziemag AAAAAPeiZQ0A 39.255640 -76.956960 152.600000 3 25.000000 800 -29768.708882 29287.341133 66762.290670 0 0 0.675374 0.787239 9.949356 0.001069 -0.005956 0.011148 26.089844
2023-04-24T17:52:27.3656456Z 1682358747.365646 60.000000 2249 eziemag AAAAAPeiZQ0A 39.255640 -76.956960 152.600000 3 25.000000 800 -29766.638476 29287.314967 66760.498281 0 0 0.671187 0.798605 9.957731 0.001222 -0.006414 0.011454 26.035156
2023-04-24T17:53:27.3774493Z 1682358807.377449 60.000000 2250 eziemag AAAAAPeiZQ0A 39.255640 -76.956960 152.600000 3 25.000000 800 -29764.528820 29286.108048 66760.975815 0 0 0.663410 0.790828 9.945169 0.001222 -0.005345 0.011148 26.035156
2023-04-24T17:54:27.3919702Z 1682358867.391970 60.000000 2249 eziemag AAAAAPeiZQ0A 39.255640 -76.956960 152.600000 3 25.000000 800 -29764.384906 29285.411371 66762.192546 0 0 0.661017 0.787837 9.944571 0.001374 -0.006414 0.011606 26.062500
2023-04-24T17:55:27.3999457Z 1682358927.399946 60.000000 2249 eziemag AAAAAPeiZQ0A 39.255640 -76.956960 152.600000 3 25.000000 800 -29763.472357 29281.250935 66757.279830 0 0 0.666999 0.786042 9.938589 0.000764 -0.006261 0.011454 25.992188
2023-04-24T17:56:27.4240794Z 1682358987.424079 60.000000 2248 eziemag AAAAAPeiZQ0A 39.255640 -76.956960 152.600000 3 25.000000 800 -29760.708545 29280.698172 66759.765625 0 0 0.658624 0.781257 9.952347 0.001527 -0.006109 0.011148 26.062500
2023-04-24T17:57:27.4374192Z 1682359047.437419 60.000000 2248 eziemag AAAAAPeiZQ0A 39.255640 -76.956960 152.600000 3 25.000000 800 -29761.071602 29279.958975 66758.058276 0 0 0.657428 0.789631 9.941580 0.001069 -0.007025 0.011454 26.015625
2023-04-24T17:58:27.4455519Z 1682359107.445552 60.000000 2248 eziemag AAAAAPeiZQ0A 39.255640 -76.956960 152.600000 3 24.937500 800 -29759.331545 29281.250935 66757.613449 0 0 0.665205 0.780060 9.952946 0.001680 -0.006414 0.012217 25.984375
2023-04-24T17:59:27.4632046Z 1682359167.463205 60.000000 2245 eziemag AAAAAPeiZQ0A 39.255640 -76.956960 152.600000 3 24.937500 800 -29765.752093 29288.152288 66761.191687 0 0 0.680160 0.788435 9.958329 0.001069 -0.005956 0.011301 26.031250
