2023-04-24T18:00:27.4885893Z 1682359227.488589 60.000000 2249 eziemag AAAAAPeiZQ0A 39.255640 -76.956960 152.600000 3 24.937500 800 -29765.137186 29288.924193 66762.768204 0 0 0.665803 0.787837 9.932607 0.001222 -0.005956 0.010996 26.027344
2023-04-24T18:01:27.512819Z 1682359287.512819 60.000000 2248 eziemag AAAAAPeiZQ0A 39.255640 -76.956960 152.600000 3 24.937500 800 -29764.711984 29289.817116 66763.252280 0 0 0.660419 0.781257 9.934999 0.001069 -0.006567 0.011912 26.007812
2023-04-24T18:02:27.5140898Z 1682359347.514090 60.000000 2248 eziemag AAAAAPeiZQ0A 39.255640 -76.956960 152.600000 3 24.937500 800 -29763.056968 29284.695070 66759.765625 0 0 0.672981 0.791426 9.954142 0.001222 -0.006872 0.011301 26.015625
2023-04-24T18:03:27.5173845Z 1682359407.517385 60.000000 2248 eziemag AAAAAPeiZQ0A 39.255640 -76.956960 152.600000 3 24.875000 800 -29763.577022 29287.334592 66760.701069 0 0 0.662214 0.789033 9.937392 0.001985 -0.006872 0.011454 26.039062
2023-04-24T18:04:27.5219355Z 1682359467.521935 60.000000 2247 eziemag AAAAAPeiZQ0A 39.255640 -76.956960 152.600000 3 24.937500 800 -29763.351338 29284.861879 66760.557155 0 0 0.662812 0.786640 9.946365 0.001222 -0.006414 0.010385 25.984375
2023-04-24T18:05:27.5266862Z 1682359527.526686 60.000000 2248 eziemag AAAAAPeiZQ0A 39.255640 -76.956960 152.600000 3 24.937500 800 -29762.847638 29285.355768 66761.270185 0 0 0.671785 0.789631 9.948160 0.001222 -0.006414 0.011301 25.968750
2023-04-24T18:06:27.527553Z 1682359587.527553 60.000000 2249 eziemag AAAAAPeiZQ0A 39.255640 -76.956960 152.600000 3 24.937500 800 -29763.482170 29286.052445 66762.114048 0 0 0.661615 0.791426 9.946365 0.000764 -0.005192 0.010996 26.039062
2023-04-24T18:07:27.533784Z 1682359647.533784 60.000000 2248 eziemag AAAAAPeiZQ0A 39.255640 -76.956960 152.600000 3 24.937500 800 -29762.706994 29285.630514 66762.061715 0 0 0.666401 0.786042 9.946365 0.000305 -0.006109 0.010843 25.976562
2023-04-24T18:08:27.5453167Z 1682359707.545317 60.000000 2247 eziemag AAAAAPeiZQ0A 39.255640 -76.956960 152.600000 3 24.937500 800 -29764.051286 29285.692658 66761.486057 0 0 0.676571 0.790230 9.937990 0.001374 -0.006261 0.010996 25.984375
2023-04-24T18:09:27.5481145Z 1682359767.548115 60.000000 2248 eziemag AAAAAPeiZQ0A 39.255640 -76.956960 152.600000 3 24.937500 800 -29763.622813 29284.753944 66761.100105 0 0 0.673580 0.789631 9.943374 0.001222 -0.006414 0.011606 25.972656
2023-04-24T18:10:27.570452Z 1682359827.570452 60.000000 2247 eziemag AAAAAPeiZQ0A 39.255640 -76.956960 152.600000 3 24.937500 800 -29762.837825 29283.893728 66760.871150 0 0 0.668196 0.793819 9.943374 0.001833 -0.006261 0.011454 26.003906
2023-04-24T18:11:27.5783088Z 1682359887.578309 60.000000 2244 eziemag AAAAAPeiZQ0A 39.255640 -76.956960 152.600000 3 24.875000 800 -29763.070051 29285.117001 66760.197368 0 0 0.667598 0.798605 9.939785 0.001222 -0.006109 0.011301 26.011719
2023-04-24T18:12:27.5789647Z 1682359947.578965 60.000000 2249 eziemag AAAAAPeiZQ0A 39.255640 -76.956960 152.600000 3 24.937500 800 -29763.191070 29285.352497 66760.491739 0 0 0.671187 0.792622 9.949356 0.001222 -0.006109 0.011301 25.984375
2023-04-24T18:13:27.5935693Z 1682360007.593569 60.000000 2248 eziemag AAAAAPeiZQ0A 39.255640 -76.956960 152.600000 3 24.937500 800 -29762.599058 29285.673034 66763.343862 0 0 0.663410 0.795015 9.945169 0.000305 -0.006261 0.011148 25.988281
2023-04-24T18:14:27.604377Z 1682360067.604377 60.000000 2250 eziemag AAAAAPeiZQ0A 39.255640 -76.956960 152.600000 3 24.937500 800 -29763.377504 29283.775979 66761.970133 0 0 0.665803 0.789033 9.940981 0.000458 -0.006109 0.011301 25.960938
2023-04-24T18:15:27.629742Z 1682360127.629742 60.000000 2246 eziemag AAAAAPeiZQ0A 39.255640 -76.956960 152.600000 3 24.875000 800 -29765.689948 29285.993571 66764.998879 0 0 0.660419 0.781855 9.946964 0.001833 -0.006261 0.011606 25.980469
2023-04-24T18:16:27.6394565Z 1682360187.639457 60.000000 2246 eziemag AAAAAPeiZQ0A 39.255640 -76.956960 152.600000 3 24.875000 800 -29764.365281 29285.565098 66762.689705 0 0 0.670589 0.783051 9.938589 0.001069 -0.005498 0.011759 25.937500
2023-04-24T18:17:27.6444724Z 1682360247.644472 60.000000 2248 eziemag AAAAAPeiZQ0A 39.255640 -76.956960 152.600000 3 24.875000 800 -29765.428286 29285.666492 66760.341283 0 0 0.669392 0.786042 9.951151 0.001069 -0.006872 0.011148 25.960938
2023-04-24T18:18:27.647504Z 1682360307.647504 60.000000 2250 eziemag AAAAAPeiZQ0A 39.255640 -76.956960 152.600000 3 24.875000 800 -29767.384214 29287.350946 66763.114907 0 0 0.666401 0.786042 9.936196 0.000916 -0.006567 0.011454 25.929688
2023-04-24T18:19:27.66549Z 1682360367.665490 60.000000 2246 eziemag AAAAAPeiZQ0A 39.255640 -76.956960 152.600000 3 24.875000 800 -29766.458583 29287.799043 66764.560594 0 0 0.664008 0.785444 9.957133 0.000916 -0.005956 0.011606 25.957031
2023-04-24T18:20:27.6752136Z 1682360427.675214 60.000000 2250 eziemag AAAAAPeiZQ0A 39.255640 -76.956960 152.600000 3 24.875000 800 -29765.052146 29285.018877 66759.667501 0 0 0.666999 0.781257 9.958329 0.000916 -0.005803 0.011301 25.945312
2023-04-24T18:21:27.700943Z 1682360487.700943 60.000000 2246 eziemag AAAAAPeiZQ0A 39.255640 -76.956960 152.600000 3 24.875000 800 -29765.575471 29289.804033 66765.842741 0 0 0.677767 0.786042 9.939187 0.001069 -0.005803 0.011148 25.984375
2023-04-24T18:22:27.7194Z 1682360547.719400 60.000000 2248 eziemag AAAAAPeiZQ0A 39.255640 -76.956960 152.600000 3 24.875000 800 -29765.490431 29288.750841 66764.181183 0 0 0.664008 0.778864 9.957133 0.001222 -0.005956 0.011301 25.925781
2023-04-24T18:23:27.7259467Z 1682360607.725947 60.000000 2247 eziemag AAAAAPeiZQ0A 39.255640 -76.956960 152.600000 3 24.937500 800 -29767.492150 29289.604516 66765.129710 0 0 0.671187 0.788435 9.943973 0.000764 -0.006414 0.011454 25.953125
2023-04-24T18:24:27.7441812Z 1682360667.744181 60.000000 2249 eziemag AAAAAPeiZQ0A 39.255640 -76.956960 152.600000 3 24.812500 800 -29767.403839 29289.712451 66765.535287 0 0 0.666401 0.779462 9.938589 0.001222 -0.006414 0.011301 25.949219
2023-04-24T18:25:27.759406Z 1682360727.759406 60.000000 2248 eziemag AAAAAPeiZQ0A 39.255640 -76.956960 152.600000 3 24.937500 800 -29765.974507 29289.192397 66762.539249 0 0 0.656830 0.789631 9.950553 0.001222 -0.006720 0.011301 25.933594
2023-04-24T18:26:27.7632987Z 1682360787.763299 60.000000 2248 eziemag AAAAAPeiZQ0A 39.255640 -76.956960 152.600000 3 24.875000 800 -29759.132028 29294.935893 66761.682304 0 0 0.669990 0.781257 9.946964 0.000611 -0.006414 0.010996 25.957031
2023-04-24T18:27:27.7809756Z 1682360847.780976 60.000000 2242 eziemag AAAAAPeiZQ0A 39.255640 -76.956960 152.600000 3 24.937500 800 -29762.841096 29293.522914 66761.244019 0 0 0.680160 0.793221 9.937990 0.000611 -0.005803 0.010996 25.929688
2023-04-24T18:28:27.7864094Z 1682360907.786409 60.000000 2249 eziemag AAAAAPeiZQ0A 39.255640 -76.956960 152.600000 3 24.937500 800 -29763.361151 29292.836050 66758.123692 0 0 0.672981 0.792622 9.946365 0.001527 -0.006109 0.011606 25.945312
2023-04-24T18:29:27.804543Z 1682360967.804543 60.000000 2249 eziemag AAAAAPeiZQ0A 39.255640 -76.956960 152.600000 3 24.937500 800 -29764.169034 29292.816425 66759.641335 0 0 0.680758 0.796810 9.950553 0.000305 -0.005803 0.011301 25.925781
2023-04-24T18:30:27.8120809Z 1682361027.812081 60.000000 2249 eziemag AAAAAPeiZQ0A 39.255640 -76.956960 152.600000 3 24.937500 800 -29762.720077 29292.378140 66761.767344 0 0 0.660419 0.786042 9.946365 0.001680 -0.006414 0.011606 25.894531
2023-04-24T18:31:27.8189657Z 1682361087.818966 60.000000 2247 eziemag AAAAAPeiZQ0A 39.255640 -76.956960 152.600000 3 24.875000 800 -29763.079863 29292.437014 66758.862889 0 0 0.668196 0.791426 9.942776 0.000458 -0.005956 0.012217 25.875000
2023-04-24T18:32:27.8212314Z 1682361147.821231 60.000000 2246 eziemag AAAAAPeiZQ0A 39.255640 -76.956960 152.600000 3 24.937500 800 -29762.860721 29292.894924 66758.110609 0 0 0.662812 0.787837 9.949356 0.001222 -0.006414 0.011606 25.917969
2023-04-24T18:33:27.8294432Z 1682361207.829443 60.000000 2247 eziemag AAAAAPeiZQ0A 39.255640 -76.956960 152.600000 3 24.937500 800 -29763.043885 29292.872028 66758.064818 0 0 0.668196 0.785444 9.940981 0.001222 -0.005956 0.011148 25.894531
2023-04-24T18:34:27.8515668Z 1682361267.851567 60.000000 2250 eziemag AAAAAPeiZQ0A 39.255640 -76.956960 152.600000 3 24.875000 800 -29762.196752 29290.183444 66757.423744 0 0 0.666999 0.779462 10.089935 0.001374 -0.005956 0.011606 25.921875
2023-04-24T18:35:27.8760796Z 1682361327.876080 60.000000 2247 eziemag AAAAAPeiZQ0A 39.255640 -76.956960 152.600000 3 24.875000 800 -29766.200191 29294.327527 66762.434584 0 0 0.653839 0.777667 9.953544 0.001222 -0.006567 0.011606 25.957031
2023-04-24T18:36:27.8804004Z 1682361387.880400 60.000000 2248 eziemag AAAAAPeiZQ0A 39.255640 -76.956960 152.600000 3 24.875000 800 -29760.136158 29292.966881 66762.552333 0 0 0.662812 0.789631 9.951151 0.001222 -0.005803 0.011301 25.871094
2023-04-24T18:37:27.886192Z 1682361447.886192 60.000000 2246 eziemag AAAAAPeiZQ0A 39.255640 -76.956960 152.600000 3 24.875000 800 -29761.418305 29294.468171 66764.312014 0 0 0.658026 0.793819 9.936794 0.001069 -0.006261 0.011606 25.875000
2023-04-24T18:38:27.899302Z 1682361507.899302 60.000000 2240 eziemag AAAAAPeiZQ0A 39.255640 -76.956960 152.600000 3 24.875000 800 -29762.929407 29294.952247 66763.958769 0 0 0.667598 0.796212 9.953544 0.000916 -0.006872 0.011454 25.886719
2023-04-24T18:39:27.9165056Z 1682361567.916506 60.000000 2245 eziemag AAAAAPeiZQ0A 39.255640 -76.956960 152.600000 3 24.875000 800 -29762.406082 29294.991496 66761.590722 0 0 0.669392 0.791426 9.954740 0.000611 -0.006109 0.011454 25.867188
2023-04-24T18:40:27.9279242Z 1682361627.927924 60.000000 2247 eziemag AAAAAPeiZQ0A 39.255640 -76.956960 152.600000 3 24.875000 800 -29761.385597 29294.739646 66761.741178 0 0 0.663410 0.789033 9.948160 0.001374 -0.005498 0.011148 25.875000
2023-04-24T18:41:27.932292Z 1682361687.932292 60.000000 2247 eziemag AAAAAPeiZQ0A 39.255640 -76.956960 152.600000 3 24.875000 800 -29760.966937 29294.160717 66760.727235 0 0 0.666401 0.793819 9.940383 0.001069 -0.006109 0.011759 25.925781
2023-04-24T18:42:27.941324Z 1682361747.941324 60.000000 2248 eziemag AAAAAPeiZQ0A 39.255640 -76.956960 152.600000 3 24.875000 800 -29760.155783 29293.078088 66761.767344 0 0 0.678365 0.790230 9.949955 0.000916 -0.006109 0.011759 25.902344
2023-04-24T18:43:27.9449346Z 1682361807.944935 60.000000 2247 eziemag AAAAAPeiZQ0A 39.255640 -76.956960 152.600000 3 24.812500 800 -29762.638307 29296.525493 66761.073938 0 0 0.671785 0.798006 9.942178 0.000764 -0.006261 0.011759 25.882812
2023-04-24T18:44:27.9623644Z 1682361867.962364 60.000000 2216 eziemag AAAAAPeiZQ0A 39.255640 -76.956960 152.600000 3 24.875000 800 -29761.800987 29295.946565 66761.283269 0 0 0.662214 0.783649 9.949356 0.000764 -0.005956 0.011301 25.906250
2023-04-24T18:45:27.9673934Z 1682361927.967393 60.000000 2247 eziemag AAAAAPeiZQ0A 39.255640 -76.956960 152.600000 3 24.875000 800 -29762.258897 29295.282596 66764.540969 0 0 0.667598 0.791426 9.949356 0.000916 -0.006414 0.010996 25.906250
2023-04-24T18:46:27.974545Z 1682361987.974545 60.000000 2248 eziemag AAAAAPeiZQ0A 39.255640 -76.956960 152.600000 3 24.875000 800 -29763.577022 29294.991496 66762.591582 0 0 0.666999 0.793221 9.946964 0.000916 -0.006261 0.011759 25.851562
2023-04-24T18:47:28.0035398Z 1682362048.003540 60.000000 2247 eziemag AAAAAPeiZQ0A 39.255640 -76.956960 152.600000 3 24.875000 800 -29764.620402 29296.839489 66766.110945 0 0 0.668196 0.790230 9.944571 0.000916 -0.005956 0.011606 25.875000
2023-04-24T18:48:28.0129712Z 1682362108.012971 60.000000 2248 eziemag AAAAAPeiZQ0A 39.255640 -76.956960 152.600000 3 24.812500 800 -29762.527101 29296.482973 66763.180323 0 0 0.666401 0.798605 9.945767 0.001069 -0.005803 0.011148 25.851562
2023-04-24T18:49:28.0181382Z 1682362168.018138 60.000000 2249 eziemag AAAAAPeiZQ0A 39.255640 -76.956960 152.600000 3 24.875000 800 -29764.774129 29297.025923 66763.317696 0 0 0.668196 0.786042 9.940383 0.001527 -0.005803 0.011454 25.902344
2023-04-24T18:50:28.0364377Z 1682362228.036438 60.000000 2246 eziemag AAAAAPeiZQ0A 39.255640 -76.956960 152.600000 3 24.812500 800 -29765.457723 29296.028334 66761.093563 0 0 0.668794 0.787837 9.943374 0.001833 -0.006567 0.011148 25.847656
2023-04-24T18:51:28.0437045Z 1682362288.043705 60.000000 2243 eziemag AAAAAPeiZQ0A 39.255640 -76.956960 152.600000 3 24.812500 800 -29766.749682 29296.325976 66761.041231 0 0 0.664008 0.789631 9.937990 0.001222 -0.005498 0.010996 25.851562
2023-04-24T18:52:28.0507233Z 1682362348.050723 60.000000 2247 eziemag AAAAAPeiZQ0A 39.255640 -76.956960 152.600000 3 24.875000 800 -29764.970376 29293.009401 66759.687126 0 0 0.665205 0.795015 9.954740 0.001527 -0.005803 0.011301 25.878906
2023-04-24T18:53:28.0752451Z 1682362408.075245 60.000000 2248 eziemag AAAAAPeiZQ0A 39.255640 -76.956960 152.600000 3 24.875000 800 -29766.484749 29296.185332 66760.746860 0 0 0.669990 0.795015 9.954740 0.000764 -0.005651 0.011148 25.894531
2023-04-24T18:54:28.0858798Z 1682362468.085880 60.000000 2250 eziemag AAAAAPeiZQ0A 39.255640 -76.956960 152.600000 3 24.812500 800 -29769.379392 29297.104422 66762.650456 0 0 0.672981 0.787239 9.946365 0.000916 -0.006261 0.011148 25.855469
2023-04-24T18:55:28.1071095Z 1682362528.107110 60.000000 2248 eziemag AAAAAPeiZQ0A 39.255640 -76.956960 152.600000 3 24.812500 800 -29767.613169 29298.131448 66763.912978 0 0 0.671785 0.806381 9.963115 0.001069 -0.006414 0.011148 25.914062
2023-04-24T18:56:28.1240711Z 1682362588.124071 60.000000 2245 eziemag AAAAAPeiZQ0A 39.255640 -76.956960 152.600000 3 24.812500 800 -29765.182977 29296.636700 66762.781287 0 0 0.670589 0.794417 9.946964 0.001222 -0.005803 0.011606 25.851562
2023-04-24T18:57:28.125906Z 1682362648.125906 60.000000 2247 eziemag AAAAAPeiZQ0A 39.255640 -76.956960 152.600000 3 24.812500 800 -29766.268877 29296.689033 66762.061715 0 0 0.677767 0.780658 9.944571 0.001222 -0.006261 0.011606 25.839844
2023-04-24T18:58:28.1347225Z 1682362708.134722 60.000000 2248 eziemag AAAAAPeiZQ0A 39.255640 -76.956960 152.600000 3 24.812500 800 -29765.281100 29297.173109 66760.550613 0 0 0.664008 0.796212 9.940383 0.000764 -0.006567 0.011454 25.851562
2023-04-24T18:59:28.1372044Z 1682362768.137204 60.000000 2247 eziemag AAAAAPeiZQ0A 39.255640 -76.956960 152.600000 3 24.812500 800 -29768.349095 29296.904904 66759.811416 0 0 0.665205 0.794417 9.937990 0.001222 -0.006414 0.011912 25.867188
