2023-04-24T20:00:28.9038205Z 1682366428.903821 60.000000 2240 eziemag AAAAAPeiZQ0A 39.255640 -76.956960 152.600000 3 24.687500 800 -29780.823864 29297.837078 66772.704844 0 0 0.670589 0.796212 9.954740 0.001374 -0.005956 0.011301 25.796875
2023-04-24T20:01:28.9066353Z 1682366488.906635 60.000000 2242 eziemag AAAAAPeiZQ0A 39.255640 -76.956960 152.600000 3 24.750000 800 -29781.484562 29297.984263 66771.546987 0 0 0.661615 0.795614 9.940981 0.001374 -0.006109 0.011148 25.816406
2023-04-24T20:02:28.9272492Z 1682366548.927249 60.000000 2247 eziemag AAAAAPeiZQ0A 39.255640 -76.956960 152.600000 3 24.687500 800 -29783.375075 29296.980132 66773.594498 0 0 0.664008 0.792622 9.944571 0.001374 -0.006261 0.011606 25.781250
2023-04-24T20:03:28.929221Z 1682366608.929221 60.000000 2247 eziemag AAAAAPeiZQ0A 39.255640 -76.956960 152.600000 3 24.687500 800 -29784.837115 29299.187911 66771.121785 0 0 0.661017 0.782453 9.947562 0.000764 -0.006567 0.011606 25.777344
2023-04-24T20:04:28.9499147Z 1682366668.949915 60.000000 2248 eziemag AAAAAPeiZQ0A 39.255640 -76.956960 152.600000 3 24.687500 800 -29781.752766 29299.165016 66769.290147 0 0 0.664606 0.793819 9.941580 0.001985 -0.006414 0.011301 25.757812
2023-04-24T20:05:28.9657803Z 1682366728.965780 60.000000 2248 eziemag AAAAAPeiZQ0A 39.255640 -76.956960 152.600000 3 24.687500 800 -29780.863113 29299.204265 66770.519961 0 0 0.666999 0.793819 9.944571 0.001069 -0.006109 0.011606 25.773438
2023-04-24T20:06:28.978689Z 1682366788.978689 60.000000 2247 eziemag AAAAAPeiZQ0A 39.255640 -76.956960 152.600000 3 24.687500 800 -29779.430510 29300.319602 66773.391709 0 0 0.666999 0.800399 9.953544 0.000916 -0.005651 0.011301 25.820312
2023-04-24T20:07:28.9836118Z 1682366848.983612 60.000000 2245 eziemag AAAAAPeiZQ0A 39.255640 -76.956960 152.600000 3 24.687500 800 -29779.757588 29299.250056 66774.529942 0 0 0.665803 0.783649 9.945767 0.000764 -0.006109 0.011454 25.750000
2023-04-24T20:08:29.0003896Z 1682366909.000390 60.000000 2246 eziemag AAAAAPeiZQ0A 39.255640 -76.956960 152.600000 3 24.687500 800 -29780.434640 29299.073434 66772.842217 0 0 0.674776 0.793819 9.949955 0.001222 -0.006261 0.011759 25.761719
2023-04-24T20:09:29.0122972Z 1682366969.012297 60.000000 2246 eziemag AAAAAPeiZQ0A 39.255640 -76.956960 152.600000 3 24.687500 800 -29779.695443 29298.723460 66775.229889 0 0 0.671187 0.798006 9.952946 0.000916 -0.006414 0.011606 25.714844
2023-04-24T20:10:29.027873Z 1682367029.027873 60.000000 2245 eziemag AAAAAPeiZQ0A 39.255640 -76.956960 152.600000 3 24.750000 800 -29780.176249 29298.769251 66773.084255 0 0 0.664606 0.792024 9.950553 0.001069 -0.005803 0.011454 25.707031
2023-04-24T20:11:29.0321348Z 1682367089.032135 60.000000 2243 eziemag AAAAAPeiZQ0A 39.255640 -76.956960 152.600000 3 24.625000 800 -29781.543436 29298.016971 66772.541305 0 0 0.673580 0.790828 9.961320 0.001680 -0.005803 0.011912 25.753906
2023-04-24T20:12:29.0395586Z 1682367149.039559 60.000000 2248 eziemag AAAAAPeiZQ0A 39.255640 -76.956960 152.600000 3 24.625000 800 -29781.026652 29296.829676 66774.503775 0 0 0.675374 0.789631 9.954740 0.000764 -0.006109 0.010996 25.753906
2023-04-24T20:13:29.0578804Z 1682367209.057880 60.000000 2247 eziemag AAAAAPeiZQ0A 39.255640 -76.956960 152.600000 3 24.687500 800 -29779.708526 29297.333377 66775.314930 0 0 0.659223 0.792024 9.954142 0.001222 -0.005651 0.011454 25.773438
2023-04-24T20:14:29.0730639Z 1682367269.073064 60.000000 2246 eziemag AAAAAPeiZQ0A 39.255640 -76.956960 152.600000 3 24.625000 800 -29779.155764 29297.532895 66773.908493 0 0 0.664008 0.793221 9.950553 0.000305 -0.005803 0.011759 25.761719
2023-04-24T20:15:29.0961285Z 1682367329.096128 60.000000 2246 eziemag AAAAAPeiZQ0A 39.255640 -76.956960 152.600000 3 24.625000 800 -29782.092928 29296.342330 66771.304949 0 0 0.662812 0.789631 9.946964 0.001069 -0.006414 0.011454 25.753906
2023-04-24T20:16:29.1105354Z 1682367389.110535 60.000000 2245 eziemag AAAAAPeiZQ0A 39.255640 -76.956960 152.600000 3 24.625000 800 -29778.841769 29296.080667 66773.548707 0 0 0.659223 0.787837 9.949955 0.000916 -0.005956 0.011606 25.746094
2023-04-24T20:17:29.1107624Z 1682367449.110762 60.000000 2248 eziemag AAAAAPeiZQ0A 39.255640 -76.956960 152.600000 3 24.687500 800 -29777.867075 29295.351282 66770.291006 0 0 0.679562 0.783649 9.939187 0.001374 -0.006109 0.012065 25.738281
2023-04-24T20:18:29.1340928Z 1682367509.134093 60.000000 2246 eziemag AAAAAPeiZQ0A 39.255640 -76.956960 152.600000 3 24.625000 800 -29778.459087 29297.153484 66773.058089 0 0 0.663410 0.787837 9.951151 0.000611 -0.006109 0.011912 25.781250
2023-04-24T20:19:29.1499696Z 1682367569.149970 60.000000 2244 eziemag AAAAAPeiZQ0A 39.255640 -76.956960 152.600000 3 24.625000 800 -29781.124776 29298.252467 66773.417875 0 0 0.665205 0.790230 9.945767 0.000916 -0.005956 0.011912 25.777344
2023-04-24T20:20:29.175076Z 1682367629.175076 60.000000 2246 eziemag AAAAAPeiZQ0A 39.255640 -76.956960 152.600000 3 24.625000 800 -29779.724880 29297.581956 66773.496374 0 0 0.667598 0.792622 9.946365 0.000764 -0.006109 0.011301 25.746094
2023-04-24T20:21:29.180486Z 1682367689.180486 60.000000 2247 eziemag AAAAAPeiZQ0A 39.255640 -76.956960 152.600000 3 24.625000 800 -29781.245795 29298.049679 66775.530801 0 0 0.669392 0.795614 9.952347 0.000916 -0.005956 0.011301 25.722656
2023-04-24T20:22:29.1937907Z 1682367749.193791 60.000000 2247 eziemag AAAAAPeiZQ0A 39.255640 -76.956960 152.600000 3 24.625000 800 -29783.420866 29297.107693 66773.699163 0 0 0.662214 0.798605 9.952347 0.000916 -0.005803 0.011759 25.738281
2023-04-24T20:23:29.2000484Z 1682367809.200048 60.000000 2245 eziemag AAAAAPeiZQ0A 39.255640 -76.956960 152.600000 3 24.625000 800 -29786.348217 29298.550108 66775.864421 0 0 0.662214 0.792622 9.954740 0.001374 -0.006109 0.011606 25.730469
2023-04-24T20:24:29.2133033Z 1682367869.213303 60.000000 2248 eziemag AAAAAPeiZQ0A 39.255640 -76.956960 152.600000 3 24.625000 800 -29784.212395 29298.491234 66776.649409 0 0 0.668196 0.794417 9.954142 0.001069 -0.006414 0.011301 25.718750
2023-04-24T20:25:29.225637Z 1682367929.225637 60.000000 2247 eziemag AAAAAPeiZQ0A 39.255640 -76.956960 152.600000 3 24.625000 800 -29783.502635 29296.813322 66777.022279 0 0 0.664008 0.791426 9.941580 0.001833 -0.006414 0.011454 25.753906
2023-04-24T20:26:29.2467525Z 1682367989.246753 60.000000 2244 eziemag AAAAAPeiZQ0A 39.255640 -76.956960 152.600000 3 24.625000 800 -29784.408642 29293.526185 66777.107319 0 0 0.669392 0.792622 9.943973 0.001069 -0.005345 0.011301 25.753906
2023-04-24T20:27:29.2595093Z 1682368049.259509 60.000000 2245 eziemag AAAAAPeiZQ0A 39.255640 -76.956960 152.600000 3 24.625000 800 -29785.474918 29294.046240 66776.525120 0 0 0.670589 0.786640 9.943973 0.001069 -0.005956 0.011606 25.738281
2023-04-24T20:28:29.277831Z 1682368109.277831 60.000000 2248 eziemag AAAAAPeiZQ0A 39.255640 -76.956960 152.600000 3 24.625000 800 -29785.393148 29293.467311 66777.257775 0 0 0.665803 0.796212 9.947562 0.001374 -0.005956 0.011759 25.695312
2023-04-24T20:29:29.2967756Z 1682368169.296776 60.000000 2248 eziemag AAAAAPeiZQ0A 39.255640 -76.956960 152.600000 3 24.562500 800 -29786.318780 29293.846722 66775.485010 0 0 0.669392 0.792024 9.955338 0.001069 -0.006109 0.011912 25.722656
2023-04-24T20:30:29.3154144Z 1682368229.315414 60.000000 2248 eziemag AAAAAPeiZQ0A 39.255640 -76.956960 152.600000 3 24.625000 800 -29786.515027 29293.709349 66774.843937 0 0 0.668196 0.802194 9.937392 0.001222 -0.006109 0.011454 25.640625
2023-04-24T20:31:29.3286052Z 1682368289.328605 60.000000 2246 eziemag AAAAAPeiZQ0A 39.255640 -76.956960 152.600000 3 24.562500 800 -29787.754654 29293.467311 66776.400830 0 0 0.668794 0.794417 9.940981 0.001069 -0.006261 0.011301 25.699219
2023-04-24T20:32:29.3545797Z 1682368349.354580 60.000000 2243 eziemag AAAAAPeiZQ0A 39.255640 -76.956960 152.600000 3 24.625000 800 -29790.302594 29293.398624 66775.772839 0 0 0.668196 0.795614 9.942776 0.001527 -0.006261 0.011606 25.687500
2023-04-24T20:33:29.3613517Z 1682368409.361352 60.000000 2246 eziemag AAAAAPeiZQ0A 39.255640 -76.956960 152.600000 3 24.625000 800 -29789.782540 29294.850852 66777.211984 0 0 0.661615 0.789033 9.953544 0.000764 -0.005651 0.011606 25.664062
2023-04-24T20:34:29.3694885Z 1682368469.369488 60.000000 2250 eziemag AAAAAPeiZQ0A 39.255640 -76.956960 152.600000 3 24.625000 800 -29791.578200 29294.847581 66776.093376 0 0 0.659223 0.798006 9.951151 0.001222 -0.006261 0.011454 25.691406
2023-04-24T20:35:29.393836Z 1682368529.393836 60.000000 2247 eziemag AAAAAPeiZQ0A 39.255640 -76.956960 152.600000 3 24.562500 800 -29792.513644 29291.158138 66777.584853 0 0 0.672383 0.785444 9.966106 0.000916 -0.006414 0.011759 25.667969
2023-04-24T20:36:29.4192905Z 1682368589.419291 60.000000 2247 eziemag AAAAAPeiZQ0A 39.255640 -76.956960 152.600000 3 24.562500 800 -29790.861898 29289.136794 66777.140027 0 0 0.656232 0.797408 9.953544 0.001069 -0.006261 0.011454 25.687500
2023-04-24T20:37:29.4209235Z 1682368649.420923 60.000000 2246 eziemag AAAAAPeiZQ0A 39.255640 -76.956960 152.600000 3 24.562500 800 -29790.495570 29288.289661 66774.680398 0 0 0.661615 0.792024 9.970294 0.000916 -0.006567 0.011454 25.714844
2023-04-24T20:38:29.436109Z 1682368709.436109 60.000000 2239 eziemag AAAAAPeiZQ0A 39.255640 -76.956960 152.600000 3 24.562500 800 -29792.356646 29288.606927 66777.493272 0 0 0.665205 0.787239 9.936794 0.000611 -0.006109 0.012065 25.691406
2023-04-24T20:39:29.4508178Z 1682368769.450818 60.000000 2244 eziemag AAAAAPeiZQ0A 39.255640 -76.956960 152.600000 3 24.562500 800 -29792.114608 29287.527568 66777.068070 0 0 0.664008 0.795015 9.941580 0.001374 -0.005956 0.011148 25.652344
2023-04-24T20:40:29.4710257Z 1682368829.471026 60.000000 2247 eziemag AAAAAPeiZQ0A 39.255640 -76.956960 152.600000 3 24.562500 800 -29792.660829 29287.298613 66778.239010 0 0 0.675374 0.789033 9.964312 0.001069 -0.005803 0.011301 25.695312
2023-04-24T20:41:29.4812105Z 1682368889.481210 60.000000 2247 eziemag AAAAAPeiZQ0A 39.255640 -76.956960 152.600000 3 24.562500 800 -29790.426884 29285.463704 66776.505495 0 0 0.684945 0.787837 9.945169 0.001222 -0.006109 0.011454 25.671875
2023-04-24T20:42:29.492152Z 1682368949.492152 60.000000 2248 eziemag AAAAAPeiZQ0A 39.255640 -76.956960 152.600000 3 24.562500 800 -29791.084311 29287.043492 66778.867001 0 0 0.668794 0.793819 9.949955 0.001222 -0.005498 0.010843 25.675781
2023-04-24T20:43:29.5067737Z 1682369009.506774 60.000000 2245 eziemag AAAAAPeiZQ0A 39.255640 -76.956960 152.600000 3 24.562500 800 -29791.695948 29287.138345 66783.158269 0 0 0.670589 0.793819 9.959526 0.001069 -0.005956 0.011606 25.691406
2023-04-24T20:44:29.5135448Z 1682369069.513545 60.000000 2246 eziemag AAAAAPeiZQ0A 39.255640 -76.956960 152.600000 3 24.562500 800 -29790.489029 29286.284670 66781.634083 0 0 0.658624 0.783649 9.942178 0.000764 -0.006109 0.011148 25.664062
2023-04-24T20:45:29.5383642Z 1682369129.538364 60.000000 2245 eziemag AAAAAPeiZQ0A 39.255640 -76.956960 152.600000 3 24.562500 800 -29790.472675 29286.572499 66779.148288 0 0 0.669392 0.789033 9.961320 0.001527 -0.006567 0.011301 25.691406
2023-04-24T20:46:29.552085Z 1682369189.552085 60.000000 2246 eziemag AAAAAPeiZQ0A 39.255640 -76.956960 152.600000 3 24.562500 800 -29791.702490 29285.038502 66777.872682 0 0 0.669990 0.787239 9.941580 0.001222 -0.005803 0.011606 25.667969
2023-04-24T20:47:29.5746896Z 1682369249.574690 60.000000 2212 eziemag AAAAAPeiZQ0A 39.255640 -76.956960 152.600000 3 24.562500 800 -29794.093432 29286.251962 66778.546464 0 0 0.671187 0.793221 9.951151 0.001527 -0.006261 0.011606 25.640625
2023-04-24T20:48:29.5982382Z 1682369309.598238 60.000000 2248 eziemag AAAAAPeiZQ0A 39.255640 -76.956960 152.600000 3 24.562500 800 -29794.207910 29285.499682 66779.194079 0 0 0.671785 0.793221 9.942178 0.001069 -0.005651 0.011454 25.664062
2023-04-24T20:49:29.598432Z 1682369369.598432 60.000000 2247 eziemag AAAAAPeiZQ0A 39.255640 -76.956960 152.600000 3 24.625000 800 -29795.159708 29284.008205 66776.171875 0 0 0.681356 0.792622 9.947562 0.001527 -0.006872 0.011912 25.671875
2023-04-24T20:50:29.6199138Z 1682369429.619914 60.000000 2246 eziemag AAAAAPeiZQ0A 39.255640 -76.956960 152.600000 3 24.562500 800 -29794.976544 29284.417053 66776.047585 0 0 0.662214 0.791426 9.946964 0.001527 -0.006109 0.011454 25.632812
2023-04-24T20:51:29.6389084Z 1682369489.638908 60.000000 2244 eziemag AAAAAPeiZQ0A 39.255640 -76.956960 152.600000 3 24.562500 800 -29796.157297 29285.319789 66773.463666 0 0 0.668794 0.788435 9.949955 0.000305 -0.005956 0.010996 25.687500
2023-04-24T20:52:29.6465962Z 1682369549.646596 60.000000 2248 eziemag AAAAAPeiZQ0A 39.255640 -76.956960 152.600000 3 24.562500 800 -29793.893914 29286.274858 66774.274821 0 0 0.669392 0.782453 9.933205 0.002138 -0.005651 0.011606 25.671875
2023-04-24T20:53:29.6709757Z 1682369609.670976 60.000000 2248 eziemag AAAAAPeiZQ0A 39.255640 -76.956960 152.600000 3 24.562500 800 -29793.969142 29284.312388 66775.792464 0 0 0.668794 0.789631 9.940383 0.000764 -0.006109 0.011759 25.683594
2023-04-24T20:54:29.6843708Z 1682369669.684371 60.000000 2247 eziemag AAAAAPeiZQ0A 39.255640 -76.956960 152.600000 3 24.562500 800 -29794.243888 29279.720208 66775.040184 0 0 0.677169 0.788435 9.946964 0.000458 -0.005803 0.011148 25.679688
2023-04-24T20:55:29.7047362Z 1682369729.704736 60.000000 2248 eziemag AAAAAPeiZQ0A 39.255640 -76.956960 152.600000 3 24.562500 800 -29798.253869 29279.425837 66777.467105 0 0 0.666999 0.785444 9.946365 0.001680 -0.006872 0.011759 25.648438
2023-04-24T20:56:29.7271528Z 1682369789.727153 60.000000 2248 eziemag AAAAAPeiZQ0A 39.255640 -76.956960 152.600000 3 24.562500 800 -29797.877729 29278.617954 66779.239870 0 0 0.659223 0.800399 9.951151 0.001069 -0.005803 0.012065 25.636719
2023-04-24T20:57:29.7479806Z 1682369849.747981 60.000000 2248 eziemag AAAAAPeiZQ0A 39.255640 -76.956960 152.600000 3 24.562500 800 -29797.158156 29278.395541 66777.133485 0 0 0.660419 0.788435 9.933205 0.001069 -0.005651 0.011301 25.625000
2023-04-24T20:58:29.7545934Z 1682369909.754593 60.000000 2249 eziemag AAAAAPeiZQ0A 39.255640 -76.956960 152.600000 3 24.562500 800 -29799.457517 29282.807827 66776.328873 0 0 0.664008 0.799801 9.945169 0.001222 -0.006414 0.010996 25.664062
2023-04-24T20:59:29.7711732Z 1682369969.771173 60.000000 2244 eziemag AAAAAPeiZQ0A 39.255640 -76.956960 152.600000 3 24.562500 800 -29799.244916 29286.755663 66777.846516 0 0 0.653839 0.795614 9.951749 0.001680 -0.005956 0.011454 25.617188
