2023-04-24T21:00:29.7929976Z 1682370029.792998 60.000000 2245 eziemag AAAAAPeiZQ0A 39.255640 -76.956960 152.600000 3 24.562500 800 -29796.075527 29281.649970 66774.490692 0 0 0.670589 0.797408 9.938589 0.000916 -0.005651 0.010537 25.667969
2023-04-24T21:01:29.8026874Z 1682370089.802687 60.000000 2245 eziemag AAAAAPeiZQ0A 39.255640 -76.956960 152.600000 3 24.562500 800 -29801.691462 29285.306706 66778.880084 0 0 0.660419 0.798605 9.940981 0.001222 -0.006109 0.011454 25.671875
2023-04-24T21:02:29.813925Z 1682370149.813925 60.000000 2247 eziemag AAAAAPeiZQ0A 39.255640 -76.956960 152.600000 3 24.562500 800 -29805.531362 29282.075172 66775.452303 0 0 0.676571 0.796212 9.940383 0.000916 -0.006261 0.011148 25.636719
2023-04-24T21:03:29.830731Z 1682370209.830731 60.000000 2246 eziemag AAAAAPeiZQ0A 39.255640 -76.956960 152.600000 3 24.500000 800 -29802.044707 29279.514148 66773.758037 0 0 0.673580 0.783649 9.953544 0.001833 -0.006872 0.011454 25.675781
2023-04-24T21:04:29.8353457Z 1682370269.835346 60.000000 2246 eziemag AAAAAPeiZQ0A 39.255640 -76.956960 152.600000 3 24.562500 800 -29802.227871 29276.769961 66772.724469 0 0 0.662812 0.794417 9.961320 0.001374 -0.006872 0.011912 25.644531
2023-04-24T21:05:29.8607404Z 1682370329.860740 60.000000 2248 eziemag AAAAAPeiZQ0A 39.255640 -76.956960 152.600000 3 24.562500 800 -29806.473348 29278.078275 66775.413053 0 0 0.681954 0.798006 9.950553 0.000916 -0.006109 0.011454 25.601562
2023-04-24T21:06:29.874091Z 1682370389.874091 60.000000 2249 eziemag AAAAAPeiZQ0A 39.255640 -76.956960 152.600000 3 24.500000 800 -29801.720899 29280.397260 66770.905914 0 0 0.674776 0.789631 9.943374 0.001222 -0.006720 0.011759 25.621094
2023-04-24T21:07:29.8950686Z 1682370449.895069 60.000000 2247 eziemag AAAAAPeiZQ0A 39.255640 -76.956960 152.600000 3 24.562500 800 -29801.070013 29280.891148 66770.624626 0 0 0.671187 0.784248 9.943374 0.001069 -0.005956 0.011148 25.667969
2023-04-24T21:08:29.9167204Z 1682370509.916720 60.000000 2245 eziemag AAAAAPeiZQ0A 39.255640 -76.956960 152.600000 3 24.500000 800 -29803.663745 29277.859132 66773.725329 0 0 0.658624 0.800997 9.926026 0.001527 -0.006567 0.011454 25.593750
2023-04-24T21:09:29.9248912Z 1682370569.924891 60.000000 2249 eziemag AAAAAPeiZQ0A 39.255640 -76.956960 152.600000 3 24.562500 800 -29799.290707 29279.314631 66771.507738 0 0 0.675972 0.799203 9.959526 0.001374 -0.006261 0.011301 25.593750
2023-04-24T21:10:29.935383Z 1682370629.935383 60.000000 2244 eziemag AAAAAPeiZQ0A 39.255640 -76.956960 152.600000 3 24.500000 800 -29798.613655 29278.189481 66772.986132 0 0 0.668196 0.786640 9.957133 0.001069 -0.007178 0.011148 25.648438
2023-04-24T21:11:29.9397547Z 1682370689.939755 60.000000 2243 eziemag AAAAAPeiZQ0A 39.255640 -76.956960 152.600000 3 24.500000 800 -29801.475591 29276.763420 66773.993533 0 0 0.659223 0.792024 9.955937 0.001069 -0.005803 0.011301 25.656250
2023-04-24T21:12:29.9637883Z 1682370749.963788 60.000000 2249 eziemag AAAAAPeiZQ0A 39.255640 -76.956960 152.600000 3 24.562500 800 -29803.637578 29276.011139 66774.058949 0 0 0.669990 0.785444 9.976874 0.000611 -0.005956 0.010996 25.640625
2023-04-24T21:13:29.9852562Z 1682370809.985256 60.000000 2249 eziemag AAAAAPeiZQ0A 39.255640 -76.956960 152.600000 3 24.562500 800 -29801.590068 29274.300520 66771.115244 0 0 0.671187 0.785444 9.934999 0.000916 -0.006261 0.010996 25.605469
2023-04-24T21:14:30.0201294Z 1682370870.020129 60.000000 2249 eziemag AAAAAPeiZQ0A 39.255640 -76.956960 152.600000 3 24.625000 800 -29802.469909 29275.177090 66773.005757 0 0 0.683749 0.800997 9.937392 0.001069 -0.006414 0.011301 25.652344
2023-04-24T21:15:30.0453024Z 1682370930.045302 60.000000 2248 eziemag AAAAAPeiZQ0A 39.255640 -76.956960 152.600000 3 24.625000 800 -29802.816612 29274.532745 66775.275680 0 0 0.669990 0.781855 9.945767 0.000916 -0.006109 0.011606 25.644531
2023-04-24T21:16:30.068549Z 1682370990.068549 60.000000 2248 eziemag AAAAAPeiZQ0A 39.255640 -76.956960 152.600000 3 24.625000 800 -29801.802669 29273.842610 66777.696060 0 0 0.667598 0.802194 9.954142 0.001374 -0.005956 0.011148 25.695312
2023-04-24T21:17:30.0717967Z 1682371050.071797 60.000000 2246 eziemag AAAAAPeiZQ0A 39.255640 -76.956960 152.600000 3 24.625000 800 -29801.694733 29273.322555 66778.801585 0 0 0.673580 0.793221 9.957133 0.001222 -0.006567 0.011148 25.636719
2023-04-24T21:18:30.0778644Z 1682371110.077864 60.000000 2248 eziemag AAAAAPeiZQ0A 39.255640 -76.956960 152.600000 3 24.625000 800 -29801.148512 29272.671669 66775.360721 0 0 0.670589 0.795614 9.938589 0.000916 -0.006720 0.011148 25.691406
2023-04-24T21:19:30.099204Z 1682371170.099204 60.000000 2247 eziemag AAAAAPeiZQ0A 39.255640 -76.956960 152.600000 3 24.625000 800 -29801.662025 29271.719871 66773.875785 0 0 0.662214 0.798605 9.945767 0.000611 -0.005803 0.011301 25.714844
2023-04-24T21:20:30.124739Z 1682371230.124739 60.000000 2247 eziemag AAAAAPeiZQ0A 39.255640 -76.956960 152.600000 3 24.625000 800 -29796.611936 29272.655315 66777.283941 0 0 0.672981 0.795015 9.952347 0.000458 -0.006109 0.011301 25.691406
2023-04-24T21:21:30.1501424Z 1682371290.150142 60.000000 2248 eziemag AAAAAPeiZQ0A 39.255640 -76.956960 152.600000 3 24.625000 800 -29797.854833 29273.335638 66776.034502 0 0 0.665205 0.796810 9.958329 0.001069 -0.006414 0.011606 25.707031
2023-04-24T21:22:30.1505435Z 1682371350.150543 60.000000 2247 eziemag AAAAAPeiZQ0A 39.255640 -76.956960 152.600000 3 24.687500 800 -29800.648082 29271.523624 66775.897129 0 0 0.668196 0.789631 9.943973 0.001527 -0.006109 0.011454 25.753906
2023-04-24T21:23:30.1519022Z 1682371410.151902 60.000000 2245 eziemag AAAAAPeiZQ0A 39.255640 -76.956960 152.600000 3 24.687500 800 -29795.035418 29270.853114 66773.816911 0 0 0.677767 0.795015 9.927821 0.000916 -0.006414 0.010996 25.726562
2023-04-24T21:24:30.1558578Z 1682371470.155858 60.000000 2246 eziemag AAAAAPeiZQ0A 39.255640 -76.956960 152.600000 3 24.687500 800 -29791.947798 29264.900288 66771.579695 0 0 0.661017 0.792024 9.945169 0.001527 -0.006109 0.011454 25.765625
2023-04-24T21:25:30.1823525Z 1682371530.182353 60.000000 2246 eziemag AAAAAPeiZQ0A 39.255640 -76.956960 152.600000 3 24.750000 800 -29797.658586 29263.650849 66773.228170 0 0 0.677169 0.792024 9.943973 0.001527 -0.005651 0.011454 25.796875
2023-04-24T21:26:30.1899045Z 1682371590.189904 60.000000 2248 eziemag AAAAAPeiZQ0A 39.255640 -76.956960 152.600000 3 24.750000 800 -29799.153334 29263.274708 66773.136588 0 0 0.681356 0.792622 9.942178 0.001222 -0.006109 0.011454 25.777344
2023-04-24T21:27:30.205194Z 1682371650.205194 60.000000 2245 eziemag AAAAAPeiZQ0A 39.255640 -76.956960 152.600000 3 24.750000 800 -29799.267812 29263.860179 66773.404792 0 0 0.670589 0.795015 9.946964 0.001374 -0.006261 0.011606 25.796875
2023-04-24T21:28:30.2316315Z 1682371710.231632 60.000000 2249 eziemag AAAAAPeiZQ0A 39.255640 -76.956960 152.600000 3 24.750000 800 -29794.564425 29262.375243 66771.632028 0 0 0.676571 0.795015 9.951749 0.001374 -0.005956 0.011606 25.847656
2023-04-24T21:29:30.2565935Z 1682371770.256593 60.000000 2248 eziemag AAAAAPeiZQ0A 39.255640 -76.956960 152.600000 3 24.750000 800 -29794.397615 29262.129934 66772.338517 0 0 0.661615 0.787239 9.943973 0.001222 -0.005651 0.011606 25.843750
2023-04-24T21:30:30.280544Z 1682371830.280544 60.000000 2246 eziemag AAAAAPeiZQ0A 39.255640 -76.956960 152.600000 3 24.812500 800 -29793.341152 29261.940229 66772.233852 0 0 0.669392 0.796810 9.955338 0.001069 -0.006414 0.011454 25.820312
2023-04-24T21:31:30.2959228Z 1682371890.295923 60.000000 2247 eziemag AAAAAPeiZQ0A 39.255640 -76.956960 152.600000 3 24.812500 800 -29795.902176 29269.584050 66772.142270 0 0 0.670589 0.793221 9.950553 0.000764 -0.006109 0.011454 25.882812
2023-04-24T21:32:30.3169272Z 1682371950.316927 60.000000 2248 eziemag AAAAAPeiZQ0A 39.255640 -76.956960 152.600000 3 24.812500 800 -29790.544632 29267.971554 66772.469348 0 0 0.662214 0.784248 9.948758 0.001069 -0.005956 0.011454 25.843750
2023-04-24T21:33:30.324397Z 1682372010.324397 60.000000 2249 eziemag AAAAAPeiZQ0A 39.255640 -76.956960 152.600000 3 24.812500 800 -29789.301734 29270.794240 66774.601899 0 0 0.663410 0.789033 9.947562 0.001374 -0.005651 0.011759 25.839844
2023-04-24T21:34:30.3292289Z 1682372070.329229 60.000000 2248 eziemag AAAAAPeiZQ0A 39.255640 -76.956960 152.600000 3 24.812500 800 -29789.007364 29267.333751 66776.655951 0 0 0.652642 0.784248 9.960124 0.001222 -0.007483 0.011759 25.910156
2023-04-24T21:35:30.3302248Z 1682372130.330225 60.000000 2246 eziemag AAAAAPeiZQ0A 39.255640 -76.956960 152.600000 3 24.812500 800 -29790.175034 29267.425333 66774.667315 0 0 0.666401 0.793819 9.958928 0.001527 -0.006109 0.011301 25.921875
2023-04-24T21:36:30.3446133Z 1682372190.344613 60.000000 2246 eziemag AAAAAPeiZQ0A 39.255640 -76.956960 152.600000 3 24.812500 800 -29789.609188 29266.417931 66771.147952 0 0 0.663410 0.796810 9.959526 0.001527 -0.005803 0.011454 25.933594
2023-04-24T21:37:30.3481014Z 1682372250.348101 60.000000 2248 eziemag AAAAAPeiZQ0A 39.255640 -76.956960 152.600000 3 24.875000 800 -29787.031811 29265.740879 66770.205966 0 0 0.673580 0.788435 9.960722 0.001069 -0.005803 0.011454 25.968750
2023-04-24T21:38:30.365729Z 1682372310.365729 60.000000 2245 eziemag AAAAAPeiZQ0A 39.255640 -76.956960 152.600000 3 24.875000 800 -29787.035081 29265.799753 66772.142270 0 0 0.671785 0.789033 9.948160 0.001222 -0.006414 0.011301 25.906250
2023-04-24T21:39:30.3828278Z 1682372370.382828 60.000000 2246 eziemag AAAAAPeiZQ0A 39.255640 -76.956960 152.600000 3 24.875000 800 -29788.398998 29267.559435 66773.620664 0 0 0.678365 0.786640 9.951749 0.000458 -0.006567 0.011148 25.957031
2023-04-24T21:40:30.3882625Z 1682372430.388263 60.000000 2247 eziemag AAAAAPeiZQ0A 39.255640 -76.956960 152.600000 3 24.937500 800 -29787.591115 29265.560986 66773.345918 0 0 0.662214 0.784248 9.965508 0.000305 -0.006414 0.010843 25.957031
2023-04-24T21:41:30.404443Z 1682372490.404443 60.000000 2245 eziemag AAAAAPeiZQ0A 39.255640 -76.956960 152.600000 3 24.937500 800 -29790.351656 29265.878252 66773.175837 0 0 0.664008 0.788435 9.943374 0.001222 -0.006567 0.011301 26.011719
2023-04-24T21:42:30.4088662Z 1682372550.408866 60.000000 2249 eziemag AAAAAPeiZQ0A 39.255640 -76.956960 152.600000 3 24.937500 800 -29791.836592 29266.470264 66772.946882 0 0 0.656830 0.784248 9.934999 0.001069 -0.005651 0.011606 26.011719
2023-04-24T21:43:30.4192696Z 1682372610.419270 60.000000 2246 eziemag AAAAAPeiZQ0A 39.255640 -76.956960 152.600000 3 24.937500 800 -29791.852946 29267.173482 66770.984412 0 0 0.668196 0.790230 9.965508 0.001680 -0.006720 0.010996 26.035156
2023-04-24T21:44:30.4244576Z 1682372670.424458 60.000000 2248 eziemag AAAAAPeiZQ0A 39.255640 -76.956960 152.600000 3 24.937500 800 -29789.530689 29266.254392 66772.253476 0 0 0.665803 0.791426 9.971490 0.001374 -0.006261 0.011301 26.046875
2023-04-24T21:45:30.4336402Z 1682372730.433640 60.000000 2248 eziemag AAAAAPeiZQ0A 39.255640 -76.956960 152.600000 3 25.000000 800 -29788.248542 29265.217554 66773.535624 0 0 0.668794 0.795015 9.943973 0.001222 -0.006261 0.011148 26.023438
2023-04-24T21:46:30.45064Z 1682372790.450640 60.000000 2246 eziemag AAAAAPeiZQ0A 39.255640 -76.956960 152.600000 3 25.000000 800 -29789.000822 29265.884794 66771.481571 0 0 0.665803 0.790828 9.949356 0.001680 -0.006109 0.011301 26.058594
2023-04-24T21:47:30.4736063Z 1682372850.473606 60.000000 2242 eziemag AAAAAPeiZQ0A 39.255640 -76.956960 152.600000 3 25.000000 800 -29792.781848 29265.698359 66771.586237 0 0 0.662812 0.791426 9.960722 0.000764 -0.006109 0.011912 26.085938
2023-04-24T21:48:30.4763753Z 1682372910.476375 60.000000 2249 eziemag AAAAAPeiZQ0A 39.255640 -76.956960 152.600000 3 25.000000 800 -29791.987048 29265.175034 66770.421838 0 0 0.664606 0.790828 9.950553 0.000916 -0.006414 0.011148 26.023438
2023-04-24T21:49:30.4942Z 1682372970.494200 60.000000 2249 eziemag AAAAAPeiZQ0A 39.255640 -76.956960 152.600000 3 25.000000 800 -29789.906829 29265.220825 66768.740655 0 0 0.680160 0.785444 9.952347 0.000764 -0.005956 0.010996 26.078125
2023-04-24T21:50:30.5165436Z 1682373030.516544 60.000000 2249 eziemag AAAAAPeiZQ0A 39.255640 -76.956960 152.600000 3 25.062500 800 -29788.778409 29267.045922 66769.316313 0 0 0.665803 0.781855 9.960124 0.000611 -0.006567 0.011148 26.097656
2023-04-24T21:51:30.5275924Z 1682373090.527592 60.000000 2247 eziemag AAAAAPeiZQ0A 39.255640 -76.956960 152.600000 3 25.000000 800 -29789.026989 29266.996860 66768.073415 0 0 0.667598 0.793221 9.970892 0.001222 -0.006414 0.011148 26.085938
2023-04-24T21:52:30.5305352Z 1682373150.530535 60.000000 2247 eziemag AAAAAPeiZQ0A 39.255640 -76.956960 152.600000 3 25.062500 800 -29789.628813 29266.355786 66768.773363 0 0 0.667598 0.799801 9.960124 0.001069 -0.005956 0.011606 26.105469
2023-04-24T21:53:30.5455081Z 1682373210.545508 60.000000 2248 eziemag AAAAAPeiZQ0A 39.255640 -76.956960 152.600000 3 25.000000 800 -29790.423613 29263.853637 66769.898512 0 0 0.673580 0.793221 9.939187 0.001527 -0.006261 0.011454 26.121094
2023-04-24T21:54:30.5468798Z 1682373270.546880 60.000000 2247 eziemag AAAAAPeiZQ0A 39.255640 -76.956960 152.600000 3 25.000000 800 -29789.576480 29262.676155 66769.074275 0 0 0.655633 0.795614 9.945169 0.001069 -0.006414 0.011606 26.117188
2023-04-24T21:55:30.5633395Z 1682373330.563339 60.000000 2246 eziemag AAAAAPeiZQ0A 39.255640 -76.956960 152.600000 3 25.062500 800 -29791.434285 29263.873262 66769.551809 0 0 0.668196 0.790230 9.951151 0.001222 -0.005956 0.011148 26.101562
2023-04-24T21:56:30.5647702Z 1682373390.564770 60.000000 2249 eziemag AAAAAPeiZQ0A 39.255640 -76.956960 152.600000 3 25.062500 800 -29789.805435 29263.356478 66769.676099 0 0 0.667598 0.787239 9.948758 0.000611 -0.006261 0.011606 26.125000
2023-04-24T21:57:30.577698Z 1682373450.577698 60.000000 2247 eziemag AAAAAPeiZQ0A 39.255640 -76.956960 152.600000 3 25.062500 800 -29791.525867 29262.757925 66769.316313 0 0 0.669392 0.783649 9.954142 0.000611 -0.005956 0.011148 26.136719
2023-04-24T21:58:30.5865989Z 1682373510.586599 60.000000 2247 eziemag AAAAAPeiZQ0A 39.255640 -76.956960 152.600000 3 25.062500 800 -29790.760504 29262.175725 66767.824836 0 0 0.665803 0.792024 9.939785 0.000916 -0.006720 0.011759 26.132812
2023-04-24T21:59:30.5877748Z 1682373570.587775 60.000000 2247 eziemag AAAAAPeiZQ0A 39.255640 -76.956960 152.600000 3 25.062500 800 -29791.470264 29263.340124 66768.740655 0 0 0.664606 0.796810 9.947562 0.001527 -0.006109 0.011148 26.136719
