2023-04-24T16:00:21.8236005Z 1682352021.823601 60.000000 2239 eziemag AAAAAPeiZQ0A 39.255640 -76.956960 152.600000 3 23.750000 800 -22660.966003 22253.874477 68257.607842 0 0 -0.317049 0.552144 9.981659 0.001069 -0.006414 0.011454 25.156250
2023-04-24T16:01:21.8275814Z 1682352081.827581 60.000000 2239 eziemag AAAAAPeiZQ0A 39.255640 -76.956960 152.600000 3 23.750000 800 -22639.575078 22248.512027 68256.103282 0 0 -0.312862 0.553938 9.972686 0.000764 -0.006261 0.011301 25.191406
2023-04-24T16:02:21.8320544Z 1682352141.832054 60.000000 2249 eziemag AAAAAPeiZQ0A 39.255640 -76.956960 152.600000 3 23.875000 800 -22640.974974 22253.881018 68252.067135 0 0 -0.315254 0.553938 9.993025 0.000458 -0.006261 0.012065 25.289062
2023-04-24T16:03:21.858041Z 1682352201.858041 60.000000 2238 eziemag AAAAAPeiZQ0A 39.255640 -76.956960 152.600000 3 23.875000 800 -22879.748710 22259.642503 68307.415333 0 0 -0.343968 0.564706 9.979267 0.001374 -0.006109 0.010996 25.328125
2023-04-24T16:04:21.8693516Z 1682352261.869352 60.000000 2247 eziemag AAAAAPeiZQ0A 39.255640 -76.956960 152.600000 3 24.000000 800 -23020.887924 21333.716404 68321.806781 0 0 -0.275773 0.559920 10.000204 -0.000305 -0.006414 0.013439 25.355469
2023-04-24T16:05:21.8753726Z 1682352321.875373 60.000000 2249 eziemag AAAAAPeiZQ0A 39.255640 -76.956960 152.600000 3 24.062500 800 -22604.291502 21701.102254 68431.737814 0 0 -0.294915 0.570090 9.993025 0.001527 -0.006720 0.011301 25.453125
2023-04-24T16:06:21.895163Z 1682352381.895163 60.000000 2247 eziemag AAAAAPeiZQ0A 39.255640 -76.956960 152.600000 3 24.062500 800 -22640.059154 21664.327200 68434.576854 0 0 -0.303290 0.562912 9.974481 0.000764 -0.007025 0.011759 25.476562
2023-04-24T16:07:21.9210126Z 1682352441.921013 60.000000 2229 eziemag AAAAAPeiZQ0A 39.255640 -76.956960 152.600000 3 24.125000 800 -22636.701695 21651.500822 68428.630570 0 0 -0.297308 0.583849 9.981659 0.001527 -0.006414 0.011301 25.539062
2023-04-24T16:08:21.9312336Z 1682352501.931234 60.000000 2244 eziemag AAAAAPeiZQ0A 39.255640 -76.956960 152.600000 3 24.187500 800 -22670.982777 21507.390102 68417.405241 0 0 -0.304487 0.589233 9.979865 0.001222 -0.006720 0.011606 25.578125
2023-04-24T16:11:25.9618812Z 1682352685.961881 60.000000 2244 eziemag AAAAAPeiZQ0A 39.255640 -76.956960 152.600000 3 24.312500 800 -22686.612216 21642.300108 68405.715461 0 0 -0.300897 0.565903 9.980463 0.003360 -0.004887 0.011606 25.695312
2023-04-24T16:12:25.9792936Z 1682352745.979294 60.000000 2248 eziemag AAAAAPeiZQ0A 39.255640 -76.956960 152.600000 3 24.375000 800 -22682.688911 21568.404932 68389.283044 0 0 -0.326022 0.579063 9.989436 0.000611 -0.005956 0.010232 25.785156
2023-04-24T16:13:25.9823978Z 1682352805.982398 60.000000 2249 eziemag AAAAAPeiZQ0A 39.255640 -76.956960 152.600000 3 24.437500 800 -22669.586152 21606.437603 68413.598049 0 0 -0.308674 0.571885 9.980463 0.001069 -0.006720 0.011454 25.812500
2023-04-24T16:14:25.9967792Z 1682352865.996779 60.000000 2248 eziemag AAAAAPeiZQ0A 39.255640 -76.956960 152.600000 3 24.500000 800 -22724.332527 21568.696032 68425.693406 0 0 -0.325424 0.551546 9.987642 0.000458 -0.005498 0.009927 25.882812
2023-04-24T16:15:26.00141Z 1682352926.001410 60.000000 2246 eziemag AAAAAPeiZQ0A 39.255640 -76.956960 152.600000 3 24.500000 800 -25987.668445 20309.774736 63249.946733 0 0 -1.116850 -0.320638 9.938589 -0.000611 -0.007025 0.011301 25.910156
2023-04-24T16:16:26.0055408Z 1682352986.005541 60.000000 2248 eziemag AAAAAPeiZQ0A 39.255640 -76.956960 152.600000 3 24.562500 800 -36728.223124 15816.568621 46755.189332 0 0 -1.208375 -0.173480 9.991231 0.003207 -0.006414 0.010385 25.996094
2023-04-24T16:17:26.0203006Z 1682353046.020301 60.000000 2242 eziemag AAAAAPeiZQ0A 39.255640 -76.956960 152.600000 3 24.625000 800 -35488.475161 15820.985814 48316.926305 0 0 -1.182054 -0.136989 9.951151 0.001222 -0.007025 0.011759 26.050781
2023-04-24T16:18:26.0374904Z 1682353106.037490 60.000000 2244 eziemag AAAAAPeiZQ0A 39.255640 -76.956960 152.600000 3 24.687500 800 -36082.413464 16179.283792 46542.581863 0 0 -1.186242 -0.142373 9.939187 0.000305 -0.005803 0.011301 26.070312
2023-04-24T16:19:26.063644Z 1682353166.063644 60.000000 2229 eziemag AAAAAPeiZQ0A 39.255640 -76.956960 152.600000 3 24.750000 800 -36424.844871 16170.128869 45982.427482 0 0 -1.077368 -0.102293 9.655637 0.037568 -0.007483 0.012523 26.128906
2023-04-24T16:20:26.0793226Z 1682353226.079323 60.000000 2234 eziemag AAAAAPeiZQ0A 39.255640 -76.956960 152.600000 3 24.812500 800 -36404.719741 16882.355058 45408.663371 0 0 -1.198206 -0.102891 9.944571 0.001222 -0.006109 0.011606 26.117188
2023-04-24T16:21:26.0847974Z 1682353286.084797 60.000000 2240 eziemag AAAAAPeiZQ0A 39.255640 -76.956960 152.600000 3 24.875000 800 -36618.906998 15388.020755 45579.833283 0 0 -1.177867 -0.096909 9.945169 0.000764 -0.005651 0.011301 26.222656
2023-04-24T16:22:26.121595Z 1682353346.121595 60.000000 2230 eziemag AAAAAPeiZQ0A 39.255640 -76.956960 152.600000 3 24.875000 800 -36646.963778 15343.587162 45574.544427 0 0 -1.186840 -0.118445 9.946365 0.001374 -0.006261 0.011606 26.210938
2023-04-24T16:23:26.1226878Z 1682353406.122688 60.000000 2241 eziemag AAAAAPeiZQ0A 39.255640 -76.956960 152.600000 3 24.875000 800 -36640.261943 15350.305351 45571.875467 0 0 -1.179662 -0.089133 9.936794 0.000458 -0.006109 0.011454 26.234375
2023-04-24T16:24:26.1415596Z 1682353466.141560 60.000000 2240 eziemag AAAAAPeiZQ0A 39.255640 -76.956960 152.600000 3 24.937500 800 -36580.491645 15494.690818 45576.752205 0 0 -1.197608 -0.102293 9.930214 0.000458 -0.005956 0.011301 26.281250
2023-04-24T16:25:26.157222Z 1682353526.157222 60.000000 2243 eziemag AAAAAPeiZQ0A 39.255640 -76.956960 152.600000 3 24.937500 800 -36583.785324 15467.015083 45571.790427 0 0 -1.174278 -0.109472 9.932008 0.000916 -0.006567 0.011759 26.324219
2023-04-24T16:26:26.1725209Z 1682353586.172521 60.000000 2216 eziemag AAAAAPeiZQ0A 39.255640 -76.956960 152.600000 3 24.937500 800 -36678.880084 15318.029259 45513.361151 0 0 -1.153340 -0.089133 9.938589 0.001527 -0.005803 0.011148 26.316406
2023-04-24T16:27:26.1934986Z 1682353646.193499 60.000000 2247 eziemag AAAAAPeiZQ0A 39.255640 -76.956960 152.600000 3 25.000000 800 -36522.906231 15576.957564 45494.727497 0 0 -1.191027 -0.110070 9.943374 0.000458 -0.005956 0.011301 26.347656
2023-04-24T16:28:26.2164953Z 1682353706.216495 60.000000 2249 eziemag AAAAAPeiZQ0A 39.255640 -76.956960 152.600000 3 25.000000 800 -36643.692995 15354.900802 45513.845227 0 0 -1.182054 -0.114257 9.934999 0.001527 -0.006261 0.011454 26.343750
2023-04-24T16:29:26.2211342Z 1682353766.221134 60.000000 2250 eziemag AAAAAPeiZQ0A 39.255640 -76.956960 152.600000 3 25.000000 800 -36646.626888 15349.960283 45513.678417 0 0 -1.200001 -0.122034 9.940383 0.000916 -0.006261 0.011454 26.398438
2023-04-24T16:30:26.2312217Z 1682353826.231222 60.000000 2250 eziemag AAAAAPeiZQ0A 39.255640 -76.956960 152.600000 3 25.062500 800 -36655.301006 15321.161035 45517.662231 0 0 -1.194018 -0.116052 9.943374 0.001833 -0.005956 0.011148 26.410156
2023-04-24T16:31:26.2464457Z 1682353886.246446 60.000000 2245 eziemag AAAAAPeiZQ0A 39.255640 -76.956960 152.600000 3 25.125000 800 -36362.464489 16045.875075 45529.293137 0 0 -1.205384 -0.117847 9.954142 0.000916 -0.005498 0.011301 26.441406
2023-04-24T16:32:26.2666721Z 1682353946.266672 60.000000 2249 eziemag AAAAAPeiZQ0A 39.255640 -76.956960 152.600000 3 25.125000 800 -36486.888363 15738.614403 45528.560481 0 0 -1.199402 -0.120239 9.933205 0.001069 -0.006414 0.010996 26.406250
2023-04-24T16:33:26.279148Z 1682354006.279148 60.000000 2247 eziemag AAAAAPeiZQ0A 39.255640 -76.956960 152.600000 3 25.125000 800 -36547.188528 15604.620215 45531.500916 0 0 -1.198206 -0.104088 9.942178 0.001069 -0.006720 0.012217 26.453125
2023-04-24T16:34:26.2934287Z 1682354066.293429 60.000000 2249 eziemag AAAAAPeiZQ0A 39.255640 -76.956960 152.600000 3 25.125000 800 -36758.791866 15263.315593 45671.758654 0 0 -1.179063 -0.102293 9.944571 0.000611 -0.006261 0.011301 26.511719
2023-04-24T16:35:26.3080335Z 1682354126.308033 60.000000 2240 eziemag AAAAAPeiZQ0A 39.255640 -76.956960 152.600000 3 25.250000 800 -36815.311005 15119.319350 45647.535231 0 0 -1.184447 -0.083151 9.945767 -0.000153 -0.005651 0.010996 26.500000
2023-04-24T16:36:26.331119Z 1682354186.331119 60.000000 2241 eziemag AAAAAPeiZQ0A 39.255640 -76.956960 152.600000 3 25.187500 800 -36838.006971 15073.011597 45617.421127 0 0 -1.202992 -0.077169 9.954142 0.001527 -0.005956 0.010996 26.519531
2023-04-24T16:37:26.3469348Z 1682354246.346935 60.000000 2231 eziemag AAAAAPeiZQ0A 39.255640 -76.956960 152.600000 3 25.187500 800 -36857.723254 15057.174464 45589.949817 0 0 -1.179662 -0.086142 9.939187 0.000764 -0.005651 0.011454 26.523438
2023-04-24T16:38:26.3595335Z 1682354306.359534 60.000000 2247 eziemag AAAAAPeiZQ0A 39.255640 -76.956960 152.600000 3 25.187500 800 -36833.728787 15155.775503 45592.232824 0 0 -1.179662 -0.079561 9.943374 0.000611 -0.006109 0.011912 26.558594
2023-04-24T16:39:26.3825772Z 1682354366.382577 60.000000 2250 eziemag AAAAAPeiZQ0A 39.255640 -76.956960 152.600000 3 25.250000 800 -36834.062407 15159.823097 45595.951705 0 0 -1.200001 -0.095713 9.949356 0.001374 -0.006261 0.011606 26.605469
2023-04-24T16:40:26.407472Z 1682354426.407472 60.000000 2248 eziemag AAAAAPeiZQ0A 39.255640 -76.956960 152.600000 3 25.250000 800 -36969.194827 14665.902082 45517.701480 0 0 -1.172483 -0.081954 9.943374 0.000305 -0.006414 0.011606 26.574219
2023-04-24T16:41:26.4082885Z 1682354486.408288 60.000000 2248 eziemag AAAAAPeiZQ0A 39.255640 -76.956960 152.600000 3 25.312500 800 -37110.597339 14155.751439 45445.266709 0 0 -1.200001 -0.095713 9.944571 0.000458 -0.005803 0.011454 26.570312
2023-04-24T16:42:26.4221044Z 1682354546.422104 60.000000 2248 eziemag AAAAAPeiZQ0A 39.255640 -76.956960 152.600000 3 25.312500 800 -37049.724787 14281.398587 45464.767120 0 0 -1.168894 -0.081356 9.876375 -0.005803 -0.003971 0.011759 26.617188
2023-04-24T16:43:26.4228902Z 1682354606.422890 60.000000 2246 eziemag AAAAAPeiZQ0A 39.255640 -76.956960 152.600000 3 25.312500 800 -36738.653652 15115.332265 45496.608198 0 0 -0.796212 -0.128016 7.702496 -0.087201 0.002443 0.009163 26.574219
2023-04-24T16:44:26.422988Z 1682354666.422988 60.000000 2249 eziemag AAAAAPeiZQ0A 39.255640 -76.956960 152.600000 3 25.312500 800 -37549.412193 13561.619342 45654.907577 0 0 -1.055833 -0.002393 9.619147 0.008552 -0.013744 0.012065 26.613281
2023-04-24T16:45:26.4298599Z 1682354726.429860 60.000000 2228 eziemag AAAAAPeiZQ0A 39.255640 -76.956960 152.600000 3 25.375000 800 -32130.531829 25502.024148 62071.588106 0 0 0.635893 0.761516 9.961919 -0.011301 -0.014203 0.016493 26.609375
2023-04-24T16:46:26.4514823Z 1682354786.451482 60.000000 2242 eziemag AAAAAPeiZQ0A 39.255640 -76.956960 152.600000 3 25.312500 800 -30137.649989 28696.441388 66808.637672 0 0 0.674178 0.799203 9.946964 0.000458 -0.006720 0.012828 26.593750
2023-04-24T16:47:26.474203Z 1682354846.474203 60.000000 2244 eziemag AAAAAPeiZQ0A 39.255640 -76.956960 152.600000 3 25.312500 800 -30304.734693 28880.776204 66913.773737 0 0 0.686142 0.801596 9.954142 0.001374 -0.006109 0.011454 26.632812
2023-04-24T16:48:26.496774Z 1682354906.496774 60.000000 2250 eziemag AAAAAPeiZQ0A 39.255640 -76.956960 152.600000 3 25.312500 800 -29863.725142 28928.349750 66875.956938 0 0 0.681356 0.804587 9.941580 0.001069 -0.005345 0.024435 26.593750
2023-04-24T16:49:26.5071747Z 1682354966.507175 60.000000 2250 eziemag AAAAAPeiZQ0A 39.255640 -76.956960 152.600000 3 25.312500 800 -29708.621318 29131.615860 66876.362515 0 0 0.668794 0.802792 9.939785 0.001527 -0.006109 0.010843 26.632812
2023-04-24T16:50:26.5083454Z 1682355026.508345 60.000000 2251 eziemag AAAAAPeiZQ0A 39.255640 -76.956960 152.600000 3 25.312500 800 -29687.806052 29150.432678 66879.253888 0 0 0.669392 0.825524 9.932607 -0.000153 -0.005803 0.010690 26.660156
2023-04-24T16:51:26.533359Z 1682355086.533359 60.000000 2249 eziemag AAAAAPeiZQ0A 39.255640 -76.956960 152.600000 3 25.375000 800 -29674.830854 29497.744094 66732.519999 0 0 0.668196 0.789033 9.951151 0.001222 -0.006567 0.011454 26.636719
2023-04-24T16:52:26.5547957Z 1682355146.554796 60.000000 2250 eziemag AAAAAPeiZQ0A 39.255640 -76.956960 152.600000 3 25.312500 800 -29674.130906 29506.078050 66735.359039 0 0 0.677767 0.781855 9.952347 0.001222 -0.006109 0.011148 26.660156
2023-04-24T16:53:26.5744143Z 1682355206.574414 60.000000 2240 eziemag AAAAAPeiZQ0A 39.255640 -76.956960 152.600000 3 25.375000 800 -29699.168754 29521.996953 66733.121823 0 0 0.672383 0.785444 9.944571 0.001069 -0.006261 0.011301 26.597656
2023-04-24T16:54:26.585443Z 1682355266.585443 60.000000 2251 eziemag AAAAAPeiZQ0A 39.255640 -76.956960 152.600000 3 25.375000 800 -29784.323602 29304.794034 66762.238337 0 0 0.671187 0.785444 9.937990 0.001527 -0.006109 0.010690 26.644531
2023-04-24T16:55:26.592203Z 1682355326.592203 60.000000 2248 eziemag AAAAAPeiZQ0A 39.255640 -76.956960 152.600000 3 25.312500 800 -29782.724189 29265.963292 66771.082536 0 0 0.672383 0.786640 9.951749 0.001069 -0.005651 0.011148 26.695312
2023-04-24T16:56:26.6095076Z 1682355386.609508 60.000000 2250 eziemag AAAAAPeiZQ0A 39.255640 -76.956960 152.600000 3 25.312500 800 -29779.008579 29268.272466 66772.835676 0 0 0.671187 0.785444 9.942776 0.001222 -0.006109 0.011148 26.636719
2023-04-24T16:57:26.6291554Z 1682355446.629155 60.000000 2249 eziemag AAAAAPeiZQ0A 39.255640 -76.956960 152.600000 3 25.312500 800 -29776.732113 29268.164530 66770.081676 0 0 0.667598 0.795015 9.945169 0.000153 -0.005651 0.010996 26.613281
2023-04-24T16:58:26.6307352Z 1682355506.630735 60.000000 2250 eziemag AAAAAPeiZQ0A 39.255640 -76.956960 152.600000 3 25.375000 800 -29775.387821 29268.857936 66773.470208 0 0 0.673580 0.783051 9.939785 0.001222 -0.006261 0.011606 26.613281
2023-04-24T16:59:26.6490908Z 1682355566.649091 60.000000 2246 eziemag AAAAAPeiZQ0A 39.255640 -76.956960 152.600000 3 25.375000 800 -29772.869318 29270.251290 66773.391709 0 0 0.661017 0.784248 9.943973 0.000916 -0.006414 0.011912 26.628906
