2023-04-24T23:00:31.5103645Z 1682377231.510365 60.000000 2249 eziemag AAAAAPeiZQ0A 39.255640 -76.956960 152.600000 3 25.375000 800 -29793.429463 29257.609711 66762.009382 0 0 0.674776 0.798605 9.953544 0.001527 -0.007025 0.011301 26.453125
2023-04-24T23:01:31.5247161Z 1682377291.524716 60.000000 2247 eziemag AAAAAPeiZQ0A 39.255640 -76.956960 152.600000 3 25.375000 800 -29793.903727 29258.891859 66762.172922 0 0 0.669392 0.793221 9.948160 0.000764 -0.006261 0.011301 26.406250
2023-04-24T23:02:31.5278971Z 1682377351.527897 60.000000 2248 eziemag AAAAAPeiZQ0A 39.255640 -76.956960 152.600000 3 25.375000 800 -29794.312575 29256.569602 66762.820537 0 0 0.664008 0.793819 9.946365 0.002138 -0.006261 0.011454 26.472656
2023-04-24T23:03:31.5378206Z 1682377411.537821 60.000000 2242 eziemag AAAAAPeiZQ0A 39.255640 -76.956960 152.600000 3 25.375000 800 -29795.931613 29258.725049 66765.469871 0 0 0.652044 0.792024 9.949955 0.001069 -0.006261 0.011301 26.429688
2023-04-24T23:04:31.5421596Z 1682377471.542160 60.000000 2249 eziemag AAAAAPeiZQ0A 39.255640 -76.956960 152.600000 3 25.312500 800 -29793.821957 29257.966227 66763.134532 0 0 0.675972 0.790230 9.954142 0.001527 -0.006414 0.011606 26.453125
2023-04-24T23:05:31.5607302Z 1682377531.560730 60.000000 2250 eziemag AAAAAPeiZQ0A 39.255640 -76.956960 152.600000 3 25.375000 800 -29794.358366 29258.600759 66765.064294 0 0 0.665205 0.781855 9.940383 0.000458 -0.005956 0.010843 26.449219
2023-04-24T23:06:31.582952Z 1682377591.582952 60.000000 2250 eziemag AAAAAPeiZQ0A 39.255640 -76.956960 152.600000 3 25.375000 800 -29788.994281 29259.111001 66765.515662 0 0 0.672383 0.792024 9.953544 0.001527 -0.005956 0.011454 26.433594
2023-04-24T23:07:31.5997167Z 1682377651.599717 60.000000 2245 eziemag AAAAAPeiZQ0A 39.255640 -76.956960 152.600000 3 25.375000 800 -29791.120290 29261.384196 66766.267943 0 0 0.674776 0.789631 9.949356 0.001222 -0.007178 0.011454 26.464844
2023-04-24T23:08:31.6019814Z 1682377711.601981 60.000000 2246 eziemag AAAAAPeiZQ0A 39.255640 -76.956960 152.600000 3 25.375000 800 -29791.692677 29260.298295 66767.994916 0 0 0.670589 0.802194 9.944571 0.001222 -0.005803 0.011759 26.425781
2023-04-24T23:09:31.624064Z 1682377771.624064 60.000000 2247 eziemag AAAAAPeiZQ0A 39.255640 -76.956960 152.600000 3 25.375000 800 -29795.084480 29260.988431 66768.642531 0 0 0.658026 0.782453 9.946365 0.001069 -0.006109 0.010843 26.472656
2023-04-24T23:10:31.6345696Z 1682377831.634570 60.000000 2249 eziemag AAAAAPeiZQ0A 39.255640 -76.956960 152.600000 3 25.375000 800 -29795.483515 29261.318780 66766.281026 0 0 0.664008 0.791426 9.948160 0.001222 -0.005803 0.010537 26.500000
2023-04-24T23:11:31.6452365Z 1682377891.645236 60.000000 2250 eziemag AAAAAPeiZQ0A 39.255640 -76.956960 152.600000 3 25.437500 800 -29798.230973 29262.630364 66766.843600 0 0 0.667598 0.787837 9.942178 0.001833 -0.006720 0.011454 26.464844
2023-04-24T23:12:31.6648622Z 1682377951.664862 60.000000 2249 eziemag AAAAAPeiZQ0A 39.255640 -76.956960 152.600000 3 25.437500 800 -29792.588872 29262.947630 66768.688322 0 0 0.683151 0.801596 9.936794 0.001374 -0.005651 0.010537 26.500000
2023-04-24T23:13:31.686655Z 1682378011.686655 60.000000 2247 eziemag AAAAAPeiZQ0A 39.255640 -76.956960 152.600000 3 25.437500 800 -29795.794240 29263.820929 66768.851862 0 0 0.665205 0.778864 9.929017 0.000611 -0.005651 0.011454 26.484375
2023-04-24T23:14:31.7133555Z 1682378071.713356 60.000000 2249 eziemag AAAAAPeiZQ0A 39.255640 -76.956960 152.600000 3 25.375000 800 -29796.605394 29266.888924 66770.048968 0 0 0.669392 0.786640 9.951151 0.001222 -0.006414 0.011606 26.468750
2023-04-24T23:15:31.7339272Z 1682378131.733927 60.000000 2247 eziemag AAAAAPeiZQ0A 39.255640 -76.956960 152.600000 3 25.375000 800 -29794.525176 29267.023026 66770.533044 0 0 0.661615 0.791426 9.943374 0.001222 -0.006567 0.011301 26.500000
2023-04-24T23:16:31.736438Z 1682378191.736438 60.000000 2249 eziemag AAAAAPeiZQ0A 39.255640 -76.956960 152.600000 3 25.375000 800 -29788.078461 29264.416212 66767.576256 0 0 0.669990 0.789631 9.944571 0.000458 -0.005803 0.011912 26.476562
2023-04-24T23:17:31.7608376Z 1682378251.760838 60.000000 2249 eziemag AAAAAPeiZQ0A 39.255640 -76.956960 152.600000 3 25.375000 800 -29788.745701 29264.108758 66768.917277 0 0 0.671187 0.798006 9.950553 0.001374 -0.005956 0.011454 26.480469
2023-04-24T23:18:31.7853572Z 1682378311.785357 60.000000 2250 eziemag AAAAAPeiZQ0A 39.255640 -76.956960 152.600000 3 25.437500 800 -29791.565117 29265.855357 66767.779045 0 0 0.668196 0.792622 9.944571 0.000916 -0.005956 0.010996 26.511719
2023-04-24T23:19:31.797782Z 1682378371.797782 60.000000 2246 eziemag AAAAAPeiZQ0A 39.255640 -76.956960 152.600000 3 25.375000 800 -29794.570967 29266.902007 66767.066014 0 0 0.673580 0.797408 9.940981 0.001527 -0.006109 0.011454 26.464844
2023-04-24T23:20:31.8094277Z 1682378431.809428 60.000000 2249 eziemag AAAAAPeiZQ0A 39.255640 -76.956960 152.600000 3 25.375000 800 -29796.193275 29266.970694 66771.841358 0 0 0.676571 0.790230 9.942776 0.001527 -0.006567 0.011454 26.519531
2023-04-24T23:21:31.8180594Z 1682378491.818059 60.000000 2249 eziemag AAAAAPeiZQ0A 39.255640 -76.956960 152.600000 3 25.375000 800 -29798.034726 29266.061416 66772.554388 0 0 0.651446 0.788435 9.960722 0.001069 -0.006261 0.010996 26.472656
2023-04-24T23:22:31.8395522Z 1682378551.839552 60.000000 2247 eziemag AAAAAPeiZQ0A 39.255640 -76.956960 152.600000 3 25.375000 800 -29796.912848 29266.460452 66772.220769 0 0 0.662214 0.792024 9.946365 0.000764 -0.005956 0.011606 26.515625
2023-04-24T23:23:31.8485289Z 1682378611.848529 60.000000 2244 eziemag AAAAAPeiZQ0A 39.255640 -76.956960 152.600000 3 25.375000 800 -29797.167969 29267.579060 66771.998355 0 0 0.678963 0.787239 9.937392 0.001222 -0.006567 0.010996 26.488281
2023-04-24T23:24:31.8695447Z 1682378671.869545 60.000000 2248 eziemag AAAAAPeiZQ0A 39.255640 -76.956960 152.600000 3 25.375000 800 -29795.529306 29264.847955 66770.781624 0 0 0.668196 0.790230 9.958329 0.001527 -0.006567 0.011148 26.472656
2023-04-24T23:25:31.8856974Z 1682378731.885697 60.000000 2250 eziemag AAAAAPeiZQ0A 39.255640 -76.956960 152.600000 3 25.437500 800 -29795.274185 29264.426024 66770.794707 0 0 0.658624 0.779462 9.949356 0.001374 -0.006261 0.011301 26.507812
2023-04-24T23:26:31.90034Z 1682378791.900340 60.000000 2249 eziemag AAAAAPeiZQ0A 39.255640 -76.956960 152.600000 3 25.375000 800 -29794.636382 29265.044202 66773.679538 0 0 0.665803 0.787837 9.941580 0.001222 -0.006414 0.011606 26.480469
2023-04-24T23:27:31.9166028Z 1682378851.916603 60.000000 2248 eziemag AAAAAPeiZQ0A 39.255640 -76.956960 152.600000 3 25.437500 800 -29792.801473 29260.010467 66768.884569 0 0 0.666401 0.793819 9.937392 0.001222 -0.005956 0.011301 26.503906
2023-04-24T23:28:31.9345984Z 1682378911.934598 60.000000 2249 eziemag AAAAAPeiZQ0A 39.255640 -76.956960 152.600000 3 25.375000 800 -29793.821957 29264.887205 66770.951705 0 0 0.673580 0.787239 9.957133 0.001222 -0.006567 0.011301 26.492188
2023-04-24T23:29:31.9411721Z 1682378971.941172 60.000000 2247 eziemag AAAAAPeiZQ0A 39.255640 -76.956960 152.600000 3 25.375000 800 -29797.213760 29267.163670 66775.092516 0 0 0.668196 0.802792 9.953544 0.000916 -0.006261 0.011454 26.492188
2023-04-24T23:30:31.946001Z 1682379031.946001 60.000000 2249 eziemag AAAAAPeiZQ0A 39.255640 -76.956960 152.600000 3 25.375000 800 -29802.103581 29268.144905 66773.175837 0 0 0.668196 0.796212 9.943973 0.000916 -0.006109 0.011759 26.468750
2023-04-24T23:31:31.9566638Z 1682379091.956664 60.000000 2246 eziemag AAAAAPeiZQ0A 39.255640 -76.956960 152.600000 3 25.375000 800 -29805.178118 29269.917670 66772.914175 0 0 0.673580 0.800997 9.938589 0.001069 -0.005651 0.011454 26.500000
2023-04-24T23:32:31.9789236Z 1682379151.978924 60.000000 2250 eziemag AAAAAPeiZQ0A 39.255640 -76.956960 152.600000 3 25.437500 800 -29804.278652 29269.296221 66774.065490 0 0 0.666999 0.795614 9.945767 0.001069 -0.006414 0.011301 26.500000
2023-04-24T23:33:31.998679Z 1682379211.998679 60.000000 2250 eziemag AAAAAPeiZQ0A 39.255640 -76.956960 152.600000 3 25.375000 800 -29802.911465 29269.332199 66775.759756 0 0 0.664008 0.803390 9.948160 0.001069 -0.005803 0.011148 26.500000
2023-04-24T23:34:32.0135298Z 1682379272.013530 60.000000 2251 eziemag AAAAAPeiZQ0A 39.255640 -76.956960 152.600000 3 25.375000 800 -29802.430659 29269.459760 66775.517718 0 0 0.666999 0.794417 9.969097 0.001680 -0.006261 0.011148 26.492188
2023-04-24T23:35:32.0322046Z 1682379332.032205 60.000000 2247 eziemag AAAAAPeiZQ0A 39.255640 -76.956960 152.600000 3 25.375000 800 -29801.773232 29269.178473 66774.366403 0 0 0.666999 0.794417 9.942178 0.001374 -0.006567 0.011148 26.492188
2023-04-24T23:36:32.0375683Z 1682379392.037568 60.000000 2250 eziemag AAAAAPeiZQ0A 39.255640 -76.956960 152.600000 3 25.437500 800 -29800.674249 29267.392625 66776.453162 0 0 0.668794 0.787837 9.951151 0.000764 -0.006261 0.011301 26.535156
2023-04-24T23:37:32.054137Z 1682379452.054137 60.000000 2248 eziemag AAAAAPeiZQ0A 39.255640 -76.956960 152.600000 3 25.437500 800 -29795.918529 29265.727796 66775.465386 0 0 0.672383 0.799203 9.947562 0.000764 -0.006109 0.010996 26.480469
2023-04-24T23:38:32.0644407Z 1682379512.064441 60.000000 2245 eziemag AAAAAPeiZQ0A 39.255640 -76.956960 152.600000 3 25.375000 800 -29797.357674 29267.317397 66776.394288 0 0 0.662214 0.789631 9.951749 0.000916 -0.006261 0.011759 26.484375
2023-04-24T23:39:32.0664327Z 1682379572.066433 60.000000 2246 eziemag AAAAAPeiZQ0A 39.255640 -76.956960 152.600000 3 25.437500 800 -29794.868608 29267.000131 66774.117823 0 0 0.682553 0.799801 9.949356 0.001222 -0.006414 0.011148 26.503906
2023-04-24T23:40:32.0691855Z 1682379632.069185 60.000000 2248 eziemag AAAAAPeiZQ0A 39.255640 -76.956960 152.600000 3 25.437500 800 -29793.857936 29267.978095 66775.648550 0 0 0.657428 0.788435 9.938589 0.000916 -0.006109 0.011148 26.511719
2023-04-24T23:41:32.0769613Z 1682379692.076961 60.000000 2250 eziemag AAAAAPeiZQ0A 39.255640 -76.956960 152.600000 3 25.437500 800 -29793.357506 29265.747421 66774.222488 0 0 0.661017 0.795015 9.945169 0.001222 -0.006414 0.011454 26.496094
2023-04-24T23:42:32.0786653Z 1682379752.078665 60.000000 2249 eziemag AAAAAPeiZQ0A 39.255640 -76.956960 152.600000 3 25.375000 800 -29793.400026 29265.423613 66773.254336 0 0 0.661017 0.793819 9.945169 0.000611 -0.006261 0.011606 26.488281
2023-04-24T23:43:32.1046948Z 1682379812.104695 60.000000 2244 eziemag AAAAAPeiZQ0A 39.255640 -76.956960 152.600000 3 25.437500 800 -29796.696976 29268.262653 66773.829994 0 0 0.656830 0.791426 9.955338 0.000916 -0.006261 0.011301 26.546875
2023-04-24T23:44:32.1303623Z 1682379872.130362 60.000000 2248 eziemag AAAAAPeiZQ0A 39.255640 -76.956960 152.600000 3 25.375000 800 -29794.610216 29267.755682 66773.973908 0 0 0.674178 0.789631 9.956535 0.001069 -0.006261 0.011454 26.515625
2023-04-24T23:45:32.137262Z 1682379932.137262 60.000000 2249 eziemag AAAAAPeiZQ0A 39.255640 -76.956960 152.600000 3 25.375000 800 -29797.567004 29268.059865 66773.195462 0 0 0.673580 0.790230 9.952946 0.001374 -0.005803 0.011606 26.531250
2023-04-24T23:46:32.1624768Z 1682379992.162477 60.000000 2250 eziemag AAAAAPeiZQ0A 39.255640 -76.956960 152.600000 3 25.375000 800 -29795.696116 29267.265064 66772.469348 0 0 0.660419 0.800399 9.949356 0.000611 -0.005956 0.010996 26.488281
2023-04-24T23:47:32.1839213Z 1682380052.183921 60.000000 2247 eziemag AAAAAPeiZQ0A 39.255640 -76.956960 152.600000 3 25.437500 800 -29795.176062 29267.788390 66775.969086 0 0 0.668196 0.799801 9.955338 0.001374 -0.005956 0.011454 26.500000
2023-04-24T23:48:32.2074962Z 1682380112.207496 60.000000 2250 eziemag AAAAAPeiZQ0A 39.255640 -76.956960 152.600000 3 25.375000 800 -29791.993589 29268.053323 66773.646830 0 0 0.658624 0.792622 9.954740 0.000916 -0.006414 0.011759 26.531250
2023-04-24T23:49:32.2179258Z 1682380172.217926 60.000000 2249 eziemag AAAAAPeiZQ0A 39.255640 -76.956960 152.600000 3 25.437500 800 -29791.843133 29267.376271 66772.659054 0 0 0.674776 0.786042 9.939187 0.000916 -0.006567 0.011301 26.503906
2023-04-24T23:50:32.2379084Z 1682380232.237908 60.000000 2248 eziemag AAAAAPeiZQ0A 39.255640 -76.956960 152.600000 3 25.437500 800 -29790.924043 29267.726245 66772.881467 0 0 0.669392 0.789631 9.947562 0.001527 -0.005651 0.011454 26.492188
2023-04-24T23:51:32.2543652Z 1682380292.254365 60.000000 2246 eziemag AAAAAPeiZQ0A 39.255640 -76.956960 152.600000 3 25.437500 800 -29793.838311 29268.906998 66773.391709 0 0 0.668794 0.787837 9.950553 0.001069 -0.006109 0.011454 26.503906
2023-04-24T23:52:32.2682908Z 1682380352.268291 60.000000 2249 eziemag AAAAAPeiZQ0A 39.255640 -76.956960 152.600000 3 25.437500 800 -29793.364048 29266.813696 66777.525979 0 0 0.663410 0.791426 9.946365 0.001985 -0.006720 0.011454 26.531250
2023-04-24T23:53:32.2923987Z 1682380412.292399 60.000000 2247 eziemag AAAAAPeiZQ0A 39.255640 -76.956960 152.600000 3 25.437500 800 -29792.961741 29266.437556 66775.256056 0 0 0.665803 0.798006 9.952946 0.001069 -0.005956 0.011148 26.500000
2023-04-24T23:54:32.3122363Z 1682380472.312236 60.000000 2248 eziemag AAAAAPeiZQ0A 39.255640 -76.956960 152.600000 3 25.437500 800 -29791.090853 29266.444098 66775.000935 0 0 0.666999 0.796212 9.938589 0.001374 -0.006720 0.011148 26.539062
2023-04-24T23:55:32.314281Z 1682380532.314281 60.000000 2247 eziemag AAAAAPeiZQ0A 39.255640 -76.956960 152.600000 3 25.437500 800 -29793.687855 29266.941257 66772.946882 0 0 0.661615 0.793819 9.934999 0.000916 -0.006414 0.011454 26.539062
2023-04-24T23:56:32.3317087Z 1682380592.331709 60.000000 2231 eziemag AAAAAPeiZQ0A 39.255640 -76.956960 152.600000 3 25.437500 800 -29794.135952 29268.740188 66774.693481 0 0 0.669990 0.790828 9.955937 0.001374 -0.005651 0.011301 26.535156
2023-04-24T23:57:32.3426256Z 1682380652.342626 60.000000 2250 eziemag AAAAAPeiZQ0A 39.255640 -76.956960 152.600000 3 25.437500 800 -29792.016485 29269.433594 66774.503775 0 0 0.665803 0.805185 9.950553 0.000611 -0.006109 0.011912 26.578125
2023-04-24T23:58:32.3542693Z 1682380712.354269 60.000000 2251 eziemag AAAAAPeiZQ0A 39.255640 -76.956960 152.600000 3 25.437500 800 -29793.465442 29269.953648 66773.901951 0 0 0.665205 0.795015 9.939187 0.000764 -0.006567 0.011454 26.515625
2023-04-24T23:59:32.3782668Z 1682380772.378267 60.000000 2215 eziemag AAAAAPeiZQ0A 39.255640 -76.956960 152.600000 3 25.500000 800 -29800.759289 29270.326518 66769.774222 0 0 0.662214 0.795015 9.936794 0.001527 -0.006109 0.011301 26.519531
