2023-04-24T22:00:30.6017625Z 1682373630.601763 60.000000 2248 eziemag AAAAAPeiZQ0A 39.255640 -76.956960 152.600000 3 25.062500 800 -29791.807155 29261.642587 66769.708807 0 0 0.673580 0.799203 9.947562 0.000305 -0.005345 0.010996 26.160156
2023-04-24T22:01:30.624995Z 1682373690.624995 60.000000 2248 eziemag AAAAAPeiZQ0A 39.255640 -76.956960 152.600000 3 25.062500 800 -29792.575789 29261.207573 66765.973572 0 0 0.673580 0.784846 9.958329 0.001374 -0.006109 0.011454 26.160156
2023-04-24T22:02:30.6386418Z 1682373750.638642 60.000000 2249 eziemag AAAAAPeiZQ0A 39.255640 -76.956960 152.600000 3 25.125000 800 -29790.629673 29261.142158 66768.387410 0 0 0.670589 0.792622 9.941580 0.001222 -0.006261 0.011454 26.183594
2023-04-24T22:03:30.6620195Z 1682373810.662019 60.000000 2243 eziemag AAAAAPeiZQ0A 39.255640 -76.956960 152.600000 3 25.125000 800 -29795.483515 29262.548594 66770.860123 0 0 0.667598 0.800997 9.957731 0.001222 -0.006109 0.011301 26.171875
2023-04-24T22:04:30.6630073Z 1682373870.663007 60.000000 2248 eziemag AAAAAPeiZQ0A 39.255640 -76.956960 152.600000 3 25.125000 800 -29795.853114 29262.685967 66771.318032 0 0 0.668794 0.792024 9.954740 0.001222 -0.006109 0.011606 26.183594
2023-04-24T22:05:30.6651921Z 1682373930.665192 60.000000 2250 eziemag AAAAAPeiZQ0A 39.255640 -76.956960 152.600000 3 25.125000 800 -29796.880140 29263.925594 66772.711386 0 0 0.670589 0.795614 9.947562 0.001222 -0.005956 0.010996 26.175781
2023-04-24T22:06:30.6799378Z 1682373990.679938 60.000000 2249 eziemag AAAAAPeiZQ0A 39.255640 -76.956960 152.600000 3 25.125000 800 -29795.355955 29262.578032 66772.371225 0 0 0.664606 0.791426 9.945169 0.001374 -0.006261 0.012065 26.238281
2023-04-24T22:07:30.7043145Z 1682374050.704314 60.000000 2249 eziemag AAAAAPeiZQ0A 39.255640 -76.956960 152.600000 3 25.125000 800 -29795.506411 29261.429987 66769.695724 0 0 0.674776 0.791426 9.953544 0.000916 -0.006261 0.011301 26.195312
2023-04-24T22:08:30.7287233Z 1682374110.728723 60.000000 2184 eziemag AAAAAPeiZQ0A 39.255640 -76.956960 152.600000 3 25.125000 800 -29796.821266 29263.470955 66769.277063 0 0 0.665803 0.785444 9.946365 0.001069 -0.006261 0.010843 26.210938
2023-04-24T22:09:30.7552447Z 1682374170.755245 60.000000 2248 eziemag AAAAAPeiZQ0A 39.255640 -76.956960 152.600000 3 25.187500 800 -29797.050221 29261.793044 66770.899372 0 0 0.672981 0.788435 9.955338 0.000916 -0.006109 0.011912 26.210938
2023-04-24T22:10:30.7580276Z 1682374230.758028 60.000000 2249 eziemag AAAAAPeiZQ0A 39.255640 -76.956960 152.600000 3 25.187500 800 -29798.002019 29264.632084 66769.106983 0 0 0.668196 0.793221 9.942776 0.001222 -0.005651 0.011148 26.214844
2023-04-24T22:11:30.7766974Z 1682374290.776697 60.000000 2245 eziemag AAAAAPeiZQ0A 39.255640 -76.956960 152.600000 3 25.125000 800 -29803.248355 29265.727796 66767.399634 0 0 0.669392 0.788435 9.954142 0.000611 -0.006109 0.011454 26.222656
2023-04-24T22:12:30.8015487Z 1682374350.801549 60.000000 2248 eziemag AAAAAPeiZQ0A 39.255640 -76.956960 152.600000 3 25.125000 800 -29800.605562 29264.622271 66768.550949 0 0 0.670589 0.789631 9.942776 0.001374 -0.006109 0.011759 26.265625
2023-04-24T22:13:30.8161347Z 1682374410.816135 60.000000 2246 eziemag AAAAAPeiZQ0A 39.255640 -76.956960 152.600000 3 25.187500 800 -29797.171240 29263.477497 66767.131429 0 0 0.652642 0.798605 9.945767 0.001222 -0.006109 0.011148 26.214844
2023-04-24T22:14:30.8235364Z 1682374470.823536 60.000000 2248 eziemag AAAAAPeiZQ0A 39.255640 -76.956960 152.600000 3 25.125000 800 -29796.026465 29266.166081 66769.309771 0 0 0.666401 0.779462 9.951151 0.001374 -0.006720 0.011606 26.269531
2023-04-24T22:15:30.8266711Z 1682374530.826671 60.000000 2246 eziemag AAAAAPeiZQ0A 39.255640 -76.956960 152.600000 3 25.187500 800 -29796.504000 29265.940397 66766.882850 0 0 0.665803 0.795015 9.963713 0.000916 -0.006261 0.011606 26.226562
2023-04-24T22:16:30.834433Z 1682374590.834433 60.000000 2248 eziemag AAAAAPeiZQ0A 39.255640 -76.956960 152.600000 3 25.187500 800 -29798.845881 29267.781848 66769.224731 0 0 0.665803 0.785444 9.948160 0.001833 -0.006567 0.011148 26.222656
2023-04-24T22:17:30.8595116Z 1682374650.859512 60.000000 2244 eziemag AAAAAPeiZQ0A 39.255640 -76.956960 152.600000 3 25.187500 800 -29801.972750 29271.713330 66771.272241 0 0 0.669990 0.783649 9.949955 0.000916 -0.006109 0.010996 26.246094
2023-04-24T22:18:30.8691874Z 1682374710.869187 60.000000 2249 eziemag AAAAAPeiZQ0A 39.255640 -76.956960 152.600000 3 25.187500 800 -29800.939182 29267.938846 66770.847039 0 0 0.664008 0.786640 9.943374 0.001069 -0.006414 0.012217 26.257812
2023-04-24T22:19:30.8695283Z 1682374770.869528 60.000000 2247 eziemag AAAAAPeiZQ0A 39.255640 -76.956960 152.600000 3 25.250000 800 -29803.523101 29266.610908 66772.521681 0 0 0.666401 0.788435 9.934401 0.000764 -0.005956 0.011912 26.261719
2023-04-24T22:20:30.879966Z 1682374830.879966 60.000000 2249 eziemag AAAAAPeiZQ0A 39.255640 -76.956960 152.600000 3 25.187500 800 -29804.295006 29267.997720 66774.870103 0 0 0.680160 0.788435 9.946365 0.001374 -0.006720 0.010996 26.250000
2023-04-24T22:21:30.8880098Z 1682374890.888010 60.000000 2249 eziemag AAAAAPeiZQ0A 39.255640 -76.956960 152.600000 3 25.187500 800 -29802.244225 29268.390214 66776.636326 0 0 0.669392 0.796212 9.966106 0.001374 -0.005803 0.011454 26.292969
2023-04-24T22:22:30.8994756Z 1682374950.899476 60.000000 2247 eziemag AAAAAPeiZQ0A 39.255640 -76.956960 152.600000 3 25.187500 800 -29801.099451 29267.543081 66776.099918 0 0 0.668196 0.793819 9.950553 0.001069 -0.006109 0.010690 26.324219
2023-04-24T22:23:30.915368Z 1682375010.915368 60.000000 2245 eziemag AAAAAPeiZQ0A 39.255640 -76.956960 152.600000 3 25.250000 800 -29801.639130 29268.056594 66771.802108 0 0 0.672981 0.784248 9.948160 0.001374 -0.006261 0.011301 26.332031
2023-04-24T22:24:30.928407Z 1682375070.928407 60.000000 2248 eziemag AAAAAPeiZQ0A 39.255640 -76.956960 152.600000 3 25.250000 800 -29798.414137 29266.578200 66773.018840 0 0 0.668794 0.790230 9.929616 0.000764 -0.006261 0.011912 26.339844
2023-04-24T22:25:30.9497826Z 1682375130.949783 60.000000 2249 eziemag AAAAAPeiZQ0A 39.255640 -76.956960 152.600000 3 25.250000 800 -29799.506579 29269.606945 66773.365543 0 0 0.681356 0.789033 9.946365 0.000458 -0.006720 0.011606 26.378906
2023-04-24T22:26:30.9701464Z 1682375190.970146 60.000000 2250 eziemag AAAAAPeiZQ0A 39.255640 -76.956960 152.600000 3 25.250000 800 -29805.308949 29269.472843 66774.183239 0 0 0.669392 0.792024 9.937990 0.000764 -0.006109 0.011301 26.382812
2023-04-24T22:27:30.979671Z 1682375250.979671 60.000000 2245 eziemag AAAAAPeiZQ0A 39.255640 -76.956960 152.600000 3 25.250000 800 -29806.542034 29268.867748 66775.661633 0 0 0.666999 0.790230 9.950553 0.001222 -0.006261 0.011454 26.390625
2023-04-24T22:28:31.0040967Z 1682375311.004097 60.000000 2249 eziemag AAAAAPeiZQ0A 39.255640 -76.956960 152.600000 3 25.250000 800 -29805.194471 29270.028876 66777.225067 0 0 0.671785 0.789631 9.947562 0.000458 -0.005651 0.011759 26.410156
2023-04-24T22:29:31.0142365Z 1682375371.014236 60.000000 2248 eziemag AAAAAPeiZQ0A 39.255640 -76.956960 152.600000 3 25.312500 800 -29804.308089 29270.133541 66774.104740 0 0 0.662214 0.789033 9.952347 0.001069 -0.006414 0.011454 26.417969
2023-04-24T22:30:31.0273683Z 1682375431.027368 60.000000 2249 eziemag AAAAAPeiZQ0A 39.255640 -76.956960 152.600000 3 25.312500 800 -29800.890120 29267.686995 66773.470208 0 0 0.670589 0.796810 9.946365 0.001069 -0.005651 0.011606 26.417969
2023-04-24T22:31:31.04808Z 1682375491.048080 60.000000 2250 eziemag AAAAAPeiZQ0A 39.255640 -76.956960 152.600000 3 25.312500 800 -29794.469572 29265.426884 66773.568331 0 0 0.668196 0.787239 9.955338 0.001222 -0.006261 0.011148 26.468750
2023-04-24T22:32:31.0684135Z 1682375551.068413 60.000000 2248 eziemag AAAAAPeiZQ0A 39.255640 -76.956960 152.600000 3 25.250000 800 -29794.613487 29265.021307 66773.319752 0 0 0.671785 0.787837 9.949955 0.001069 -0.005651 0.011454 26.425781
2023-04-24T22:33:31.0775023Z 1682375611.077502 60.000000 2249 eziemag AAAAAPeiZQ0A 39.255640 -76.956960 152.600000 3 25.312500 800 -29793.916810 29263.500392 66773.941201 0 0 0.668196 0.786042 9.950553 0.001222 -0.005803 0.011301 26.453125
2023-04-24T22:34:31.1035678Z 1682375671.103568 60.000000 2249 eziemag AAAAAPeiZQ0A 39.255640 -76.956960 152.600000 3 25.312500 800 -29796.000299 29264.677875 66772.593638 0 0 0.665803 0.803988 9.940383 0.000764 -0.005345 0.011454 26.410156
2023-04-24T22:35:31.1234336Z 1682375731.123434 60.000000 2247 eziemag AAAAAPeiZQ0A 39.255640 -76.956960 152.600000 3 25.312500 800 -29798.443574 29265.129243 66774.536483 0 0 0.666999 0.787239 9.953544 0.001527 -0.006567 0.011606 26.476562
2023-04-24T22:36:31.1371894Z 1682375791.137189 60.000000 2250 eziemag AAAAAPeiZQ0A 39.255640 -76.956960 152.600000 3 25.312500 800 -29795.431183 29264.638625 66773.627205 0 0 0.672981 0.790828 9.952347 0.000916 -0.006109 0.011606 26.382812
2023-04-24T22:37:31.14638Z 1682375851.146380 60.000000 2250 eziemag AAAAAPeiZQ0A 39.255640 -76.956960 152.600000 3 25.375000 800 -29796.942285 29266.905278 66774.863562 0 0 0.677169 0.789631 9.961919 0.000153 -0.005498 0.011454 26.433594
2023-04-24T22:38:31.163045Z 1682375911.163045 60.000000 2245 eziemag AAAAAPeiZQ0A 39.255640 -76.956960 152.600000 3 25.312500 800 -29804.523961 29271.235795 66778.180136 0 0 0.649053 0.792622 9.957731 0.000305 -0.005498 0.011148 26.398438
2023-04-24T22:39:31.1765954Z 1682375971.176595 60.000000 2249 eziemag AAAAAPeiZQ0A 39.255640 -76.956960 152.600000 3 25.312500 800 -29808.844666 29271.942285 66777.238150 0 0 0.665803 0.790828 9.946365 0.001069 -0.006414 0.011301 26.460938
2023-04-24T22:40:31.1857183Z 1682376031.185718 60.000000 2249 eziemag AAAAAPeiZQ0A 39.255640 -76.956960 152.600000 3 25.312500 800 -29806.290184 29271.118047 66775.609300 0 0 0.672383 0.794417 9.941580 0.000916 -0.006261 0.011148 26.433594
2023-04-24T22:41:31.203532Z 1682376091.203532 60.000000 2250 eziemag AAAAAPeiZQ0A 39.255640 -76.956960 152.600000 3 25.312500 800 -29806.048146 29271.654456 66774.706564 0 0 0.667598 0.795015 9.937392 0.001374 -0.006414 0.011606 26.425781
2023-04-24T22:42:31.2256517Z 1682376151.225652 60.000000 2246 eziemag AAAAAPeiZQ0A 39.255640 -76.956960 152.600000 3 25.312500 800 -29807.310668 29272.890812 66775.445761 0 0 0.666999 0.782453 9.940981 0.001374 -0.005956 0.010996 26.417969
2023-04-24T22:43:31.2263045Z 1682376211.226305 60.000000 2246 eziemag AAAAAPeiZQ0A 39.255640 -76.956960 152.600000 3 25.312500 800 -29811.945369 29274.434622 66777.414773 0 0 0.662214 0.799801 9.933803 0.000305 -0.006109 0.011301 26.429688
2023-04-24T22:44:31.2375622Z 1682376271.237562 60.000000 2249 eziemag AAAAAPeiZQ0A 39.255640 -76.956960 152.600000 3 25.375000 800 -29810.764616 29271.487646 66776.269999 0 0 0.673580 0.786042 9.958928 0.001374 -0.006567 0.011301 26.363281
2023-04-24T22:45:31.254623Z 1682376331.254623 60.000000 2250 eziemag AAAAAPeiZQ0A 39.255640 -76.956960 152.600000 3 25.375000 800 -29805.711255 29266.987048 66771.632028 0 0 0.668794 0.793819 9.945169 0.001527 -0.005956 0.011606 26.449219
2023-04-24T22:46:31.2742236Z 1682376391.274224 60.000000 2248 eziemag AAAAAPeiZQ0A 39.255640 -76.956960 152.600000 3 25.375000 800 -29795.303622 29261.868272 66771.932940 0 0 0.672981 0.792622 9.949955 0.001069 -0.006720 0.011148 26.390625
2023-04-24T22:47:31.2875302Z 1682376451.287530 60.000000 2245 eziemag AAAAAPeiZQ0A 39.255640 -76.956960 152.600000 3 25.375000 800 -29787.411222 29258.453574 66766.791268 0 0 0.670589 0.796810 9.955937 0.000611 -0.006261 0.010996 26.425781
2023-04-24T22:48:31.303433Z 1682376511.303433 60.000000 2250 eziemag AAAAAPeiZQ0A 39.255640 -76.956960 152.600000 3 25.375000 800 -29788.228917 29259.810949 66772.063771 0 0 0.662812 0.793819 9.954740 0.000611 -0.006109 0.011301 26.445312
2023-04-24T22:49:31.3178327Z 1682376571.317833 60.000000 2248 eziemag AAAAAPeiZQ0A 39.255640 -76.956960 152.600000 3 25.437500 800 -29788.670473 29261.367842 66769.826555 0 0 0.664606 0.794417 9.934401 0.000916 -0.005956 0.010690 26.433594
2023-04-24T22:50:31.3180795Z 1682376631.318079 60.000000 2248 eziemag AAAAAPeiZQ0A 39.255640 -76.956960 152.600000 3 25.375000 800 -29790.511924 29263.412081 66769.852721 0 0 0.674178 0.803988 9.952347 0.001680 -0.007330 0.010996 26.437500
2023-04-24T22:51:31.3396263Z 1682376691.339626 60.000000 2248 eziemag AAAAAPeiZQ0A 39.255640 -76.956960 152.600000 3 25.375000 800 -29796.729684 29264.579751 66771.075994 0 0 0.665803 0.796212 9.959526 0.000916 -0.005498 0.011759 26.472656
2023-04-24T22:52:31.355523Z 1682376751.355523 60.000000 2247 eziemag AAAAAPeiZQ0A 39.255640 -76.956960 152.600000 3 25.375000 800 -29795.980674 29261.394008 66769.970469 0 0 0.675374 0.792622 9.953544 0.000764 -0.005651 0.011454 26.476562
2023-04-24T22:53:31.3735716Z 1682376811.373572 60.000000 2247 eziemag AAAAAPeiZQ0A 39.255640 -76.956960 152.600000 3 25.375000 800 -29793.929893 29261.668754 66768.982693 0 0 0.660419 0.797408 9.943973 0.001069 -0.005651 0.011148 26.425781
2023-04-24T22:54:31.3889213Z 1682376871.388921 60.000000 2250 eziemag AAAAAPeiZQ0A 39.255640 -76.956960 152.600000 3 25.375000 800 -29793.851394 29262.430846 66769.172398 0 0 0.674776 0.786640 9.934999 0.000611 -0.006261 0.011301 26.460938
2023-04-24T22:55:31.41368Z 1682376931.413680 60.000000 2248 eziemag AAAAAPeiZQ0A 39.255640 -76.956960 152.600000 3 25.375000 800 -29793.462171 29263.385915 66765.267083 0 0 0.673580 0.802194 9.931410 0.001833 -0.006109 0.011301 26.468750
2023-04-24T22:56:31.421084Z 1682376991.421084 60.000000 2250 eziemag AAAAAPeiZQ0A 39.255640 -76.956960 152.600000 3 25.375000 800 -29791.166081 29263.088274 66764.926921 0 0 0.660419 0.794417 9.953544 0.001069 -0.005498 0.011454 26.421875
2023-04-24T22:57:31.4476292Z 1682377051.447629 60.000000 2250 eziemag AAAAAPeiZQ0A 39.255640 -76.956960 152.600000 3 25.375000 800 -29791.509513 29262.277119 66762.146755 0 0 0.659223 0.791426 9.945767 0.001833 -0.005803 0.011454 26.441406
2023-04-24T22:58:31.461786Z 1682377111.461786 60.000000 2248 eziemag AAAAAPeiZQ0A 39.255640 -76.956960 152.600000 3 25.375000 800 -29791.597824 29262.738300 66762.506542 0 0 0.675374 0.780060 9.946964 0.000916 -0.006109 0.011454 26.429688
2023-04-24T22:59:31.4860907Z 1682377171.486091 60.000000 2250 eziemag AAAAAPeiZQ0A 39.255640 -76.956960 152.600000 3 25.375000 800 -29794.904587 29261.237010 66762.002841 0 0 0.673580 0.793819 9.947562 0.000764 -0.006720 0.010385 26.468750
