2023-04-19T22:00:09.8022394Z 1681941609.802239 60.000000 2265 eziemag AAAAAPeiZQ0A 39.255627 -76.956988 155.500000 3 32.312500 800 6459.993645 11086.152204 36898.503383 0 0 -0.513859 2.305485 9.695119 0.002291 -0.005498 0.010690 34.125000
2023-04-19T22:01:09.8116567Z 1681941669.811657 60.000000 2266 eziemag AAAAAPeiZQ0A 39.255595 -76.957108 156.700000 3 32.375000 800 6470.643316 11098.547655 36898.225366 0 0 -0.506082 2.293520 9.696914 0.001069 -0.005192 0.010537 34.128906
2023-04-19T22:02:09.8355436Z 1681941729.835544 60.000000 2264 eziemag AAAAAPeiZQ0A 39.255605 -76.957103 157.500000 3 32.312500 800 6470.947908 11105.327989 36895.677426 0 0 -0.518644 2.297708 9.682557 0.001374 -0.005345 0.010996 34.027344
2023-04-19T22:03:09.8521295Z 1681941789.852129 60.000000 2266 eziemag AAAAAPeiZQ0A 39.255580 -76.957128 156.500000 3 32.375000 800 6460.205429 11097.712788 36895.419034 0 0 -0.498904 2.303092 9.686146 0.000916 -0.005956 0.010385 34.089844
2023-04-19T22:04:09.8761494Z 1681941849.876149 60.000000 2265 eziemag AAAAAPeiZQ0A 39.255555 -76.957087 156.200000 3 32.312500 800 6453.737045 11086.367258 36898.065098 0 0 -0.515055 2.304288 9.686744 0.001985 -0.005956 0.010537 34.027344
2023-04-19T22:05:09.8814955Z 1681941909.881495 60.000000 2263 eziemag AAAAAPeiZQ0A 39.255552 -76.957113 157.500000 3 32.250000 800 6445.410448 11081.937799 36900.518186 0 0 -0.509073 2.302494 9.683155 0.000611 -0.005345 0.010537 33.855469
2023-04-19T22:06:09.8992057Z 1681941969.899206 60.000000 2266 eziemag AAAAAPeiZQ0A 39.255602 -76.957062 157.700000 3 32.250000 800 6447.853315 11080.028479 36902.163390 0 0 -0.497707 2.294119 9.696914 0.001069 -0.006109 0.010537 33.980469
2023-04-19T22:07:09.901455Z 1681942029.901455 60.000000 2255 eziemag AAAAAPeiZQ0A 39.255505 -76.957140 157.300000 3 32.312500 800 6448.069595 11090.578391 36921.922193 0 0 -0.497109 2.301895 9.694521 0.001527 -0.005803 0.010385 33.945312
2023-04-19T22:08:09.9093354Z 1681942089.909335 60.000000 2265 eziemag AAAAAPeiZQ0A 39.255625 -76.957153 157.100000 3 32.250000 800 6443.758703 11081.465171 36920.499402 0 0 -0.509073 2.307279 9.693923 0.000916 -0.005651 0.010996 33.890625
2023-04-19T22:09:09.9239879Z 1681942149.923988 60.000000 2263 eziemag AAAAAPeiZQ0A 39.255672 -76.957048 157.500000 3 32.250000 800 6424.777528 11061.634411 36906.925650 0 0 -0.488136 2.303092 9.698110 0.000764 -0.005803 0.010843 33.933594
2023-04-19T22:10:09.9484053Z 1681942209.948405 60.000000 2261 eziemag AAAAAPeiZQ0A 39.255638 -76.957102 159.300000 3 32.250000 800 6425.927618 11071.789376 36912.835956 0 0 -0.503689 2.308476 9.673584 0.000611 -0.005956 0.010537 33.937500
2023-04-19T22:11:09.9681387Z 1681942269.968139 60.000000 2264 eziemag AAAAAPeiZQ0A 39.255583 -76.957182 161.600000 3 32.187500 800 6425.417784 11078.471586 36914.549847 0 0 -0.504886 2.312065 9.686146 0.000916 -0.006109 0.010843 33.847656
2023-04-19T22:12:09.9856684Z 1681942329.985668 60.000000 2264 eziemag AAAAAPeiZQ0A 39.255592 -76.957107 155.100000 3 32.250000 800 6430.719724 11080.155222 36921.411951 0 0 -0.507278 2.301297 9.684949 0.001527 -0.006261 0.009774 33.917969
2023-04-19T22:13:09.997243Z 1681942389.997243 60.000000 2264 eziemag AAAAAPeiZQ0A 39.255625 -76.957000 157.300000 3 32.125000 800 6429.886901 11082.957466 36918.049585 0 0 -0.511466 2.297110 9.678967 0.001680 -0.006261 0.011148 33.722656
2023-04-19T22:14:10.0148895Z 1681942450.014889 60.000000 2264 eziemag AAAAAPeiZQ0A 39.255550 -76.957103 157.800000 3 32.062500 800 6427.312794 11080.937757 36908.930641 0 0 -0.512064 2.305485 9.671789 0.001527 -0.005192 0.010232 33.644531
2023-04-19T22:15:10.0152671Z 1681942510.015267 60.000000 2261 eziemag AAAAAPeiZQ0A 39.255588 -76.957053 160.400000 3 32.000000 800 6424.495423 11078.618771 36898.424884 0 0 -0.500100 2.297110 9.694521 0.001374 -0.006567 0.010843 33.742188
2023-04-19T22:16:10.0380044Z 1681942570.038004 60.000000 2264 eziemag AAAAAPeiZQ0A 39.255560 -76.957037 159.300000 3 32.000000 800 6414.286899 11066.734380 36892.936509 0 0 -0.504886 2.305485 9.683753 0.001069 -0.005192 0.010385 33.722656
2023-04-19T22:17:10.042103Z 1681942630.042103 60.000000 2242 eziemag AAAAAPeiZQ0A 39.255573 -76.957187 159.300000 3 32.062500 800 6421.088085 11082.778390 36906.278035 0 0 -0.495912 2.310270 9.686744 0.001069 -0.005345 0.010996 33.707031
2023-04-19T22:18:10.0657606Z 1681942690.065761 60.000000 2264 eziemag AAAAAPeiZQ0A 39.255510 -76.957183 158.900000 3 32.000000 800 6416.866730 11037.563897 36885.047380 0 0 -0.498904 2.301297 9.681958 0.001222 -0.006261 0.010385 33.667969
2023-04-19T22:19:10.0762432Z 1681942750.076243 60.000000 2264 eziemag AAAAAPeiZQ0A 39.255543 -76.957035 159.700000 3 32.000000 800 6424.586187 11086.696789 36911.409895 0 0 -0.500100 2.306083 9.674780 0.001222 -0.005803 0.010079 33.691406
2023-04-19T22:20:10.0802076Z 1681942810.080208 60.000000 2263 eziemag AAAAAPeiZQ0A 39.255645 -76.957002 160.700000 3 32.000000 800 6428.779332 11087.737716 36914.451723 0 0 -0.507278 2.311467 9.680762 0.001374 -0.006109 0.010996 33.597656
2023-04-19T22:21:10.0934763Z 1681942870.093476 60.000000 2265 eziemag AAAAAPeiZQ0A 39.255612 -76.957105 163.300000 3 32.000000 800 6433.628268 11096.375037 36911.648662 0 0 -0.499502 2.315056 9.678369 0.001527 -0.006261 0.010996 33.535156
2023-04-19T22:22:10.1192129Z 1681942930.119213 60.000000 2263 eziemag AAAAAPeiZQ0A 39.255577 -76.957143 163.700000 3 32.000000 800 6450.824413 11106.364010 36906.349993 0 0 -0.503091 2.297110 9.688539 0.001222 -0.005956 0.010690 33.535156
2023-04-19T22:23:10.142501Z 1681942990.142501 60.000000 2262 eziemag AAAAAPeiZQ0A 39.255595 -76.957115 163.500000 3 31.875000 800 6422.885380 11088.663348 36915.171296 0 0 -0.509073 2.301895 9.675976 0.001069 -0.005498 0.010537 33.386719
2023-04-19T22:24:10.1431546Z 1681943050.143155 60.000000 2263 eziemag AAAAAPeiZQ0A 39.255605 -76.957132 164.700000 3 31.937500 800 6427.208947 11091.849091 36903.383392 0 0 -0.503091 2.303690 9.692128 0.001069 -0.005803 0.010996 33.335938
2023-04-19T22:25:10.169576Z 1681943110.169576 60.000000 2263 eziemag AAAAAPeiZQ0A 39.255510 -76.957277 164.300000 3 31.875000 800 6427.824672 11059.606525 36892.655222 0 0 -0.506082 2.300699 9.687941 0.001374 -0.006261 0.010843 33.367188
2023-04-19T22:26:10.1783707Z 1681943170.178371 60.000000 2264 eziemag AAAAAPeiZQ0A 39.255572 -76.957178 162.900000 3 31.875000 800 6436.378180 11091.938220 36913.199013 0 0 -0.513260 2.300699 9.656236 0.001069 -0.005803 0.010996 33.269531
2023-04-19T22:27:10.2030425Z 1681943230.203043 60.000000 2257 eziemag AAAAAPeiZQ0A 39.255630 -76.957077 162.900000 3 31.937500 800 6435.443553 11089.071378 36914.664324 0 0 -0.504886 2.293520 9.672387 0.001527 -0.005498 0.010385 33.398438
2023-04-19T22:28:10.2235792Z 1681943290.223579 60.000000 2263 eziemag AAAAAPeiZQ0A 39.255668 -76.957013 160.400000 3 31.875000 800 6075.896954 11595.249654 36626.138700 0 0 -0.486939 2.309672 9.678967 0.001222 -0.005956 0.010996 33.351562
2023-04-19T22:29:10.226806Z 1681943350.226806 60.000000 2229 eziemag AAAAAPeiZQ0A 39.255642 -76.956990 160.700000 3 31.937500 800 4721.911154 13172.907984 35773.249196 0 0 -0.479163 2.300699 9.654441 0.001833 -0.005345 0.009774 33.312500
2023-04-19T22:30:10.229574Z 1681943410.229574 60.000000 2266 eziemag AAAAAPeiZQ0A 39.255668 -76.956973 161.000000 3 32.000000 800 4720.851829 13211.392022 35791.055342 0 0 -0.497109 2.313859 9.692128 0.001527 -0.006414 0.010690 33.386719
2023-04-19T22:31:10.2513857Z 1681943470.251386 60.000000 2264 eziemag AAAAAPeiZQ0A 39.255573 -76.957005 161.300000 3 32.062500 800 4716.666861 13211.390387 35774.501906 0 0 -0.495314 2.321636 9.682557 0.001374 -0.005498 0.010843 33.425781
2023-04-19T22:32:10.2572403Z 1681943530.257240 60.000000 2258 eziemag AAAAAPeiZQ0A 39.255545 -76.957062 161.400000 3 32.062500 800 4727.308764 13215.342311 35789.416679 0 0 -0.491127 2.322234 9.678967 0.001833 -0.005498 0.010079 33.484375
2023-04-19T22:33:10.2702823Z 1681943590.270282 60.000000 2265 eziemag AAAAAPeiZQ0A 39.255623 -76.956887 162.100000 3 32.062500 800 4724.725254 13225.798188 35786.378121 0 0 -0.500698 2.313261 9.682557 0.001527 -0.005651 0.010690 33.417969
2023-04-19T22:34:10.2893488Z 1681943650.289349 60.000000 2262 eziemag AAAAAPeiZQ0A 39.255622 -76.956945 161.400000 3 32.062500 800 4719.924971 13227.306019 35786.031418 0 0 -0.486341 2.307279 9.678967 0.001222 -0.005192 0.010690 33.441406
2023-04-19T22:35:10.3075247Z 1681943710.307525 60.000000 2264 eziemag AAAAAPeiZQ0A 39.255603 -76.957013 159.400000 3 32.062500 800 4712.895648 13225.175104 35781.099077 0 0 -0.495314 2.301895 9.672387 0.001527 -0.005651 0.010385 33.480469
2023-04-19T22:36:10.3274033Z 1681943770.327403 60.000000 2265 eziemag AAAAAPeiZQ0A 39.255592 -76.956998 159.700000 3 32.062500 800 4709.536144 13230.027311 35783.133504 0 0 -0.492921 2.304886 9.677173 0.001680 -0.005803 0.010232 33.363281
2023-04-19T22:37:10.3374932Z 1681943830.337493 60.000000 2259 eziemag AAAAAPeiZQ0A 39.255663 -76.956918 158.700000 3 32.062500 800 4709.209475 13227.500631 35779.581433 0 0 -0.498904 2.309672 9.678967 0.001069 -0.005498 0.010996 33.457031
2023-04-19T22:38:10.347135Z 1681943890.347135 60.000000 2266 eziemag AAAAAPeiZQ0A 39.255627 -76.957025 156.800000 3 32.062500 800 4709.370152 13220.927991 35779.888887 0 0 -0.498305 2.300101 9.692726 0.001985 -0.005956 0.010079 33.406250
2023-04-19T22:39:10.3713186Z 1681943950.371319 60.000000 2260 eziemag AAAAAPeiZQ0A 39.255642 -76.957007 154.400000 3 32.062500 800 4712.764817 13220.133191 35778.106310 0 0 -0.490529 2.310868 9.688539 0.001527 -0.005651 0.010537 33.468750
2023-04-19T22:40:10.3758214Z 1681944010.375821 60.000000 2265 eziemag AAAAAPeiZQ0A 39.255618 -76.956938 154.800000 3 32.000000 800 4663.145805 13205.575751 35759.129224 0 0 -0.500100 2.312663 9.689137 0.001374 -0.005040 0.010385 33.433594
2023-04-19T22:41:10.3924441Z 1681944070.392444 60.000000 2263 eziemag AAAAAPeiZQ0A 39.255580 -76.956947 156.800000 3 32.000000 800 4725.434605 13152.095988 35749.755158 0 0 -0.487538 2.302494 9.667602 0.000000 -0.006109 0.010843 33.308594
2023-04-19T22:42:10.4029615Z 1681944130.402961 60.000000 2260 eziemag AAAAAPeiZQ0A 39.255587 -76.957028 155.800000 3 31.875000 800 3955.371970 13145.903577 36295.112515 0 0 -0.497707 2.291726 9.681958 0.001680 -0.005345 0.010690 33.316406
2023-04-19T22:43:10.4079983Z 1681944190.407998 60.000000 2204 eziemag AAAAAPeiZQ0A 39.255515 -76.957162 153.900000 3 31.750000 800 3998.746647 13173.139391 36351.101787 0 0 -0.500100 2.303690 9.686744 0.001527 -0.005651 0.010843 33.394531
2023-04-19T22:44:10.432488Z 1681944250.432488 60.000000 2245 eziemag AAAAAPeiZQ0A 39.255587 -76.957135 153.000000 3 31.875000 800 4004.006476 13203.276391 36366.588947 0 0 -0.495912 2.303092 9.705887 0.001222 -0.005803 0.010843 33.355469
