2023-04-19T18:20:27.3853543Z 1681928427.385354 60.000000 2249 eziemag AAAAAPeiZQ0A nan nan nan 3 25.625000 800 -10720.564467 -30386.137952 56750.677519 0 0 0.054437 -0.281755 10.014561 0.001222 -0.006720 0.010996 26.402344
2023-04-19T18:21:27.4104152Z 1681928487.410415 60.000000 2247 eziemag AAAAAPeiZQ0A nan nan nan 3 25.625000 800 -10773.010663 -30379.661801 56760.947780 0 0 0.053240 -0.273978 9.995418 0.001069 -0.005956 0.011606 26.449219
2023-04-19T18:22:27.4318175Z 1681928547.431818 60.000000 2248 eziemag AAAAAPeiZQ0A nan nan nan 3 25.625000 800 -10721.553061 -30394.900381 56758.684397 0 0 0.061615 -0.282951 10.016355 0.001222 -0.006414 0.011301 26.457031
2023-04-19T18:23:27.4547307Z 1681928607.454731 60.000000 2247 eziemag AAAAAPeiZQ0A nan nan nan 3 25.625000 800 -10744.475530 -30388.028465 56763.289661 0 0 0.057428 -0.280558 10.007382 0.001222 -0.006261 0.011454 26.464844
2023-04-19T18:24:27.4781518Z 1681928667.478152 60.000000 2250 eziemag AAAAAPeiZQ0A nan nan nan 3 25.625000 800 -10753.259219 -30387.135541 56767.351974 0 0 0.051446 -0.280558 9.999606 0.000916 -0.006567 0.011912 26.511719
2023-04-19T18:25:27.4958422Z 1681928727.495842 60.000000 2248 eziemag AAAAAPeiZQ0A nan nan nan 3 25.562500 800 -10723.537609 -30399.325751 56762.243010 0 0 0.059821 -0.271585 10.011570 0.001222 -0.006720 0.011301 26.531250
2023-04-19T18:26:27.5203676Z 1681928787.520368 60.000000 2247 eziemag AAAAAPeiZQ0A nan nan nan 3 25.562500 800 -10724.302155 -30396.918455 56765.258672 0 0 0.062213 -0.279960 10.006186 0.000764 -0.005956 0.011606 26.492188
2023-04-19T18:27:27.5460474Z 1681928847.546047 60.000000 2240 eziemag AAAAAPeiZQ0A nan nan nan 3 25.625000 800 -10735.750715 -30393.601880 56767.011812 0 0 0.056231 -0.275773 10.018748 0.000458 -0.006414 0.011454 26.488281
2023-04-19T18:28:27.5720322Z 1681928907.572032 60.000000 2248 eziemag AAAAAPeiZQ0A nan nan nan 3 25.625000 800 -9185.934112 -30645.439126 57245.108777 0 0 0.057428 -0.294317 10.013963 0.000611 -0.006109 0.011454 26.492188
2023-04-19T18:29:27.5921862Z 1681928967.592186 60.000000 2249 eziemag AAAAAPeiZQ0A nan nan nan 3 25.562500 800 -10145.714456 -30887.048632 56465.667987 0 0 0.056231 -0.302692 10.009775 0.001069 -0.005498 0.011759 26.550781
2023-04-19T18:30:27.5992627Z 1681929027.599263 60.000000 2250 eziemag AAAAAPeiZQ0A nan nan nan 3 25.562500 800 -10681.133537 -30338.691967 56814.026054 0 0 0.061615 -0.297308 10.005588 0.000916 -0.006109 0.010996 26.527344
2023-04-19T18:31:27.6238058Z 1681929087.623806 60.000000 2241 eziemag AAAAAPeiZQ0A nan nan nan 3 25.562500 800 -11139.153615 -30212.043959 57230.252878 0 0 0.057428 -0.293121 10.016355 0.000764 -0.005803 0.011148 26.511719
2023-04-19T18:32:27.6321Z 1681929147.632100 60.000000 2246 eziemag AAAAAPeiZQ0A nan nan nan 3 25.562500 800 -10620.202929 -30332.598497 56799.353319 0 0 0.059222 -0.283549 10.006186 0.001680 -0.006109 0.011606 26.480469
2023-04-19T18:33:27.6357558Z 1681929207.635756 60.000000 2222 eziemag AAAAAPeiZQ0A nan nan nan 3 25.562500 800 -10621.433561 -30337.566817 56801.080293 0 0 0.039482 -0.287737 10.003793 0.001680 -0.005956 0.011148 26.488281
2023-04-19T18:36:47.4367568Z 1681929407.436757 60.000000 2234 eziemag AAAAAPeiZQ0A nan nan nan 3 24.312500 800 -15578.480114 -7082.327256 79665.224095 0 0 0.473779 -3.519842 9.370293 0.001222 -0.006261 0.011912 25.082031
2023-04-19T18:37:47.445043Z 1681929467.445043 60.000000 2215 eziemag AAAAAPeiZQ0A nan nan nan 3 24.250000 800 -20615.159614 9.325068 81557.372346 0 0 0.474975 -3.470191 9.393623 0.001222 -0.006567 0.011759 25.160156
2023-04-19T18:40:35.994122Z 1681929635.994122 60.000000 2231 eziemag AAAAAPeiZQ0A nan nan nan 3 24.062500 800 -22522.371458 3029.489618 77635.264653 0 0 0.185444 -3.773481 9.320044 0.000916 -0.005803 0.011759 24.878906
2023-04-19T18:41:36.0099113Z 1681929696.009911 60.000000 2243 eziemag AAAAAPeiZQ0A nan nan nan 3 23.437500 800 -22704.423267 1122.772582 76477.165259 0 0 0.187238 -3.780062 9.288339 0.000153 -0.005956 0.011606 24.519531
2023-04-19T18:44:26.748558Z 1681929866.748558 60.000000 2244 eziemag AAAAAPeiZQ0A nan nan nan 3 23.250000 800 -22579.075396 889.601595 76653.113786 0 0 0.189033 -3.769892 9.237492 0.000611 -0.005651 0.011148 24.394531
2023-04-19T18:51:10.275611Z 1681930270.275611 60.000000 2229 eziemag AAAAAPeiZQ0A nan nan nan 3 22.375000 800 5387.341017 32420.607805 71628.372645 0 0 0.191426 -3.940381 9.206385 0.001527 -0.006720 0.011454 23.546875
2023-04-19T18:52:10.301052Z 1681930330.301052 60.000000 2243 eziemag AAAAAPeiZQ0A nan nan nan 3 22.125000 800 5420.626145 32387.664474 71631.394849 0 0 0.196810 -3.933202 9.217153 0.000611 -0.006720 0.011148 23.437500
2023-04-19T18:53:10.3200366Z 1681930390.320037 60.000000 2240 eziemag AAAAAPeiZQ0A nan nan nan 3 22.062500 800 5458.265504 32334.455368 71628.549267 0 0 0.199801 -3.924827 9.211769 0.000916 -0.005192 0.011759 23.269531
2023-04-19T18:54:10.3293152Z 1681930450.329315 60.000000 2240 eziemag AAAAAPeiZQ0A nan nan nan 3 21.937500 800 5481.203508 32302.189089 71621.863786 0 0 0.203390 -3.940979 9.211769 0.000305 -0.005651 0.012065 23.199219
2023-04-19T18:55:10.3547206Z 1681930510.354721 60.000000 2238 eziemag AAAAAPeiZQ0A nan nan nan 3 21.875000 800 5493.032297 32295.048968 71621.438584 0 0 0.192024 -3.932604 9.218947 0.000764 -0.007330 0.011759 23.160156
2023-04-19T18:56:10.3800118Z 1681930570.380012 60.000000 2222 eziemag AAAAAPeiZQ0A nan nan nan 3 21.812500 800 5493.878203 32294.172398 71620.921800 0 0 0.204586 -3.929015 9.218947 0.000764 -0.006872 0.011759 23.066406
2023-04-19T18:58:27.6071956Z 1681930707.607196 60.000000 2240 eziemag AAAAAPeiZQ0A nan nan nan 3 21.562500 800 5508.352238 32266.508112 71624.670118 0 0 0.190229 -3.932604 9.221938 0.000611 -0.005803 0.011148 22.875000
2023-04-19T18:59:27.628052Z 1681930767.628052 60.000000 2234 eziemag AAAAAPeiZQ0A nan nan nan 3 21.625000 800 5513.530297 32266.576798 71625.075695 0 0 0.200997 -3.925425 9.232706 0.001374 -0.007330 0.011606 22.925781
