2023-04-19T20:00:26.5968642Z 1681934426.596864 60.000000 2240 eziemag AAAAAPeiZQ0A nan nan nan 3 21.250000 800 -20206.272428 -42516.950602 90524.715909 0 0 -0.896112 2.402992 9.632307 0.001527 -0.006872 0.011759 22.335938
2023-04-19T20:08:08.3009763Z 1681934888.300976 60.000000 2285 eziemag AAAAAPeiZQ0A nan nan nan 3 25.312500 800 6282.020912 11488.779928 36590.578742 0 0 -0.506680 2.304886 9.697512 0.002138 -0.006720 0.011301 26.332031
2023-04-19T20:09:08.3220294Z 1681934948.322029 60.000000 2267 eziemag AAAAAPeiZQ0A nan nan nan 3 25.562500 800 6283.515251 11484.236809 36610.831433 0 0 -0.497109 2.310868 9.704690 0.001374 -0.006109 0.011759 26.707031
2023-04-19T20:10:08.3425553Z 1681935008.342555 60.000000 2265 eziemag AAAAAPeiZQ0A nan nan nan 3 25.875000 800 6290.151671 11488.200999 36619.665819 0 0 -0.495314 2.310270 9.722038 0.001374 -0.006109 0.011454 27.164062
2023-04-19T20:11:08.3638523Z 1681935068.363852 60.000000 2263 eziemag AAAAAPeiZQ0A nan nan nan 3 26.250000 800 6296.741073 11493.737618 36620.019064 0 0 -0.504287 2.304288 9.705887 0.000916 -0.005956 0.011759 27.585938
2023-04-19T20:12:08.3838077Z 1681935128.383808 60.000000 2266 eziemag AAAAAPeiZQ0A nan nan nan 3 26.562500 800 6301.525412 11491.529839 36628.055379 0 0 -0.491127 2.306681 9.705288 0.001222 -0.006261 0.011301 28.058594
2023-04-19T20:13:08.3964002Z 1681935188.396400 60.000000 2266 eziemag AAAAAPeiZQ0A 39.256375 -76.956378 157.700000 3 26.875000 800 6483.829071 11176.335064 36763.289193 0 0 -0.512064 2.303690 9.699905 0.001222 -0.005345 0.011759 28.433594
2023-04-19T20:14:08.4104602Z 1681935248.410460 60.000000 2265 eziemag AAAAAPeiZQ0A 39.256375 -76.956378 157.700000 3 27.187500 800 6680.654601 10789.840479 36895.579302 0 0 -0.504287 2.306083 9.720244 0.001680 -0.005651 0.010996 28.828125
2023-04-19T20:15:08.4303942Z 1681935308.430394 60.000000 2263 eziemag AAAAAPeiZQ0A 39.256297 -76.956427 173.800000 3 27.437500 800 6693.420060 10845.011237 36907.916698 0 0 -0.516850 2.317449 9.689137 0.000764 -0.005956 0.010537 29.128906
2023-04-19T20:16:08.441119Z 1681935368.441119 60.000000 2261 eziemag AAAAAPeiZQ0A 39.255870 -76.956723 175.900000 3 27.812500 800 6677.434923 10823.181211 36885.112795 0 0 -0.501296 2.321636 9.749556 0.000916 -0.007178 0.010996 29.503906
2023-04-19T20:17:08.45455Z 1681935428.454550 60.000000 2260 eziemag AAAAAPeiZQ0A 39.255828 -76.956788 176.400000 3 28.125000 800 6669.437857 10821.270255 36882.705499 0 0 -0.505484 2.316252 9.698708 0.001222 -0.005345 0.010843 29.777344
2023-04-19T20:18:08.4546251Z 1681935488.454625 60.000000 2258 eziemag AAAAAPeiZQ0A 39.256027 -76.956632 181.200000 3 28.375000 800 6669.069077 10801.519629 36884.265662 0 0 -0.492323 2.312663 9.693923 0.001069 -0.005956 0.011301 30.011719
2023-04-19T20:19:08.4696808Z 1681935548.469681 60.000000 2259 eziemag AAAAAPeiZQ0A 39.255650 -76.956933 181.800000 3 28.687500 800 6669.856109 10796.717302 36875.951331 0 0 -0.498904 2.298306 9.703494 0.001069 -0.005498 0.010537 30.320312
2023-04-19T20:20:08.478683Z 1681935608.478683 60.000000 2260 eziemag AAAAAPeiZQ0A 39.255658 -76.956915 186.600000 3 28.937500 800 6677.016672 10834.350119 36904.273045 0 0 -0.496511 2.305485 9.693923 0.001374 -0.005956 0.010843 30.664062
2023-04-19T20:21:08.4806886Z 1681935668.480689 60.000000 2261 eziemag AAAAAPeiZQ0A 39.255643 -76.956947 194.200000 3 29.187500 800 6670.343864 10794.406493 36882.090591 0 0 -0.508475 2.298904 9.692726 0.000764 -0.005956 0.010537 30.742188
2023-04-19T20:22:08.4815774Z 1681935728.481577 60.000000 2263 eziemag AAAAAPeiZQ0A 39.255587 -76.957057 193.500000 3 29.312500 800 6674.690327 10816.192364 36889.129317 0 0 -0.504287 2.304288 9.690333 0.001069 -0.005345 0.010843 30.871094
2023-04-19T20:23:08.4934974Z 1681935788.493497 60.000000 2252 eziemag AAAAAPeiZQ0A 39.255600 -76.957142 180.600000 3 29.500000 800 6679.515959 10833.592932 36897.505794 0 0 -0.501296 2.291726 9.690932 0.000305 -0.005956 0.010996 30.988281
2023-04-19T20:24:08.5020268Z 1681935848.502027 60.000000 2263 eziemag AAAAAPeiZQ0A 39.255632 -76.957033 179.800000 3 29.687500 800 6675.662976 10832.019685 36899.618720 0 0 -0.500100 2.300699 9.682557 0.001069 -0.005651 0.011148 31.109375
2023-04-19T20:25:08.5090601Z 1681935908.509060 60.000000 2256 eziemag AAAAAPeiZQ0A 39.255623 -76.957192 175.100000 3 29.937500 800 6675.511702 10835.978969 36906.942004 0 0 -0.500100 2.287538 9.704092 0.000611 -0.006261 0.010690 31.371094
2023-04-19T20:26:08.5245123Z 1681935968.524512 60.000000 2225 eziemag AAAAAPeiZQ0A 39.255750 -76.956865 173.200000 3 30.187500 800 6674.265943 10835.715671 36909.934771 0 0 -0.500100 2.295315 9.695717 0.000458 -0.005651 0.011454 31.660156
2023-04-19T20:27:08.5509093Z 1681936028.550909 60.000000 2259 eziemag AAAAAPeiZQ0A 39.255658 -76.956958 178.400000 3 30.437500 800 6685.125762 10824.435556 36904.080069 0 0 -0.506680 2.306681 9.693324 0.001069 -0.005803 0.010843 31.785156
2023-04-19T20:28:08.5659535Z 1681936088.565953 60.000000 2264 eziemag AAAAAPeiZQ0A 39.255723 -76.956907 179.800000 3 30.625000 800 6691.355786 10836.515377 36907.583078 0 0 -0.506082 2.307877 9.695119 0.000764 -0.005956 0.010537 31.917969
2023-04-19T20:29:08.571482Z 1681936148.571482 60.000000 2261 eziemag AAAAAPeiZQ0A 39.255718 -76.956902 181.000000 3 30.812500 800 6675.094269 10805.230333 36887.343470 0 0 -0.504287 2.291128 9.678967 0.001222 -0.006261 0.010843 31.976562
2023-04-19T20:30:08.5967894Z 1681936208.596789 60.000000 2259 eziemag AAAAAPeiZQ0A 39.255667 -76.957020 182.900000 3 31.000000 800 6703.772907 10866.991720 36926.982095 0 0 -0.512662 2.304886 9.690932 0.001374 -0.005192 0.010537 32.171875
2023-04-19T20:31:08.6177464Z 1681936268.617746 60.000000 2260 eziemag AAAAAPeiZQ0A 39.255678 -76.956977 184.400000 3 31.187500 800 6698.450525 10850.041702 36931.829396 0 0 -0.510269 2.306083 9.685548 0.001222 -0.005498 0.010843 32.269531
2023-04-19T20:32:08.642131Z 1681936328.642131 60.000000 2260 eziemag AAAAAPeiZQ0A 39.255698 -76.957030 185.900000 3 31.375000 800 6682.138310 10841.127182 36925.274746 0 0 -0.507877 2.298306 9.683753 0.001069 -0.005498 0.010537 32.375000
2023-04-19T20:33:08.649915Z 1681936388.649915 60.000000 2263 eziemag AAAAAPeiZQ0A 39.255667 -76.957048 186.100000 3 31.687500 800 6637.052195 10751.282030 36855.829471 0 0 -0.503091 2.295315 9.695119 0.001069 -0.005192 0.010996 32.566406
2023-04-19T20:34:08.6621072Z 1681936448.662107 60.000000 2263 eziemag AAAAAPeiZQ0A 39.255650 -76.957007 188.100000 3 31.875000 800 6637.342068 10725.094502 36844.875617 0 0 -0.520439 2.293520 9.684949 0.000764 -0.005651 0.010690 32.542969
2023-04-19T20:35:08.6844263Z 1681936508.684426 60.000000 2262 eziemag AAAAAPeiZQ0A 39.255632 -76.956997 187.800000 3 32.062500 800 6648.546137 10721.777928 36860.264653 0 0 -0.502493 2.294717 9.689735 0.000458 -0.005345 0.010690 32.667969
2023-04-19T20:36:08.7097688Z 1681936568.709769 60.000000 2261 eziemag AAAAAPeiZQ0A 39.255625 -76.956978 187.600000 3 32.187500 800 6668.828265 10846.569766 36912.567752 0 0 -0.507278 2.306681 9.691530 0.000916 -0.005498 0.011454 32.710938
2023-04-19T20:37:08.7175553Z 1681936628.717555 60.000000 2262 eziemag AAAAAPeiZQ0A 39.255578 -76.957007 191.000000 3 32.562500 800 6660.026996 10747.777386 36876.569509 0 0 -0.500100 2.298904 9.706485 0.000611 -0.005498 0.011148 32.773438
2023-04-19T20:38:08.7238276Z 1681936688.723828 60.000000 2261 eziemag AAAAAPeiZQ0A 39.255605 -76.957022 190.900000 3 33.000000 800 6682.319021 10815.440084 36899.703760 0 0 -0.509671 2.288735 9.680762 0.001374 -0.005651 0.011301 33.046875
2023-04-19T20:39:08.7296243Z 1681936748.729624 60.000000 2261 eziemag AAAAAPeiZQ0A 39.255595 -76.956983 193.500000 3 32.812500 800 6714.607377 10713.622229 36889.371355 0 0 -0.510868 2.294119 9.662218 0.001374 -0.004734 0.010385 32.945312
2023-04-19T20:40:08.729656Z 1681936808.729656 60.000000 2263 eziemag AAAAAPeiZQ0A 39.255613 -76.956975 192.900000 3 32.875000 800 6672.229062 10790.565775 36883.869898 0 0 -0.500100 2.296511 9.672387 0.001069 -0.005192 0.010996 33.074219
2023-04-19T20:41:08.7439394Z 1681936868.743939 60.000000 2263 eziemag AAAAAPeiZQ0A 39.255572 -76.957088 192.600000 3 33.125000 800 6656.415233 10724.917062 36863.394793 0 0 -0.513859 2.298904 9.687941 0.000764 -0.005956 0.010537 33.234375
2023-04-19T20:42:08.7568245Z 1681936928.756824 60.000000 2263 eziemag AAAAAPeiZQ0A 39.255520 -76.957147 192.600000 3 33.250000 800 6666.437731 10817.936509 36896.037212 0 0 -0.515653 2.306083 9.688539 0.001833 -0.005803 0.010385 33.320312
2023-04-19T20:43:08.759649Z 1681936988.759649 60.000000 2253 eziemag AAAAAPeiZQ0A 39.255483 -76.957178 193.600000 3 33.250000 800 6662.033212 10831.360623 36901.525587 0 0 -0.506082 2.289931 9.678967 0.001527 -0.005498 0.010385 33.171875
2023-04-19T20:44:08.7682035Z 1681937048.768203 60.000000 2263 eziemag AAAAAPeiZQ0A 39.255560 -76.957098 194.300000 3 33.187500 800 6676.528507 10752.328681 36986.248692 0 0 -0.499502 2.292324 9.701699 0.001527 -0.005956 0.010996 33.292969
2023-04-19T20:45:08.7890918Z 1681937108.789092 60.000000 2261 eziemag AAAAAPeiZQ0A 39.255615 -76.957093 194.000000 3 33.437500 800 6674.010004 10860.839376 36915.763307 0 0 -0.512064 2.288735 9.686146 0.001222 -0.005803 0.010996 33.421875
2023-04-19T20:46:08.80873Z 1681937168.808730 60.000000 2264 eziemag AAAAAPeiZQ0A 39.255502 -76.957053 197.400000 3 33.500000 800 6671.648907 10770.831503 36877.125542 0 0 -0.507877 2.290529 9.695717 0.000305 -0.005803 0.010537 33.515625
2023-04-19T20:47:08.8267713Z 1681937228.826771 60.000000 2255 eziemag AAAAAPeiZQ0A 39.255655 -76.957013 200.400000 3 33.625000 800 6675.437292 10820.188444 36884.210059 0 0 -0.506082 2.299503 9.693923 0.000916 -0.005345 0.010537 33.511719
2023-04-19T20:48:08.8307693Z 1681937288.830769 60.000000 2263 eziemag AAAAAPeiZQ0A 39.255697 -76.957158 195.000000 3 33.750000 800 6664.985912 10868.241977 36912.963517 0 0 -0.515653 2.296511 9.689137 0.001069 -0.005956 0.010996 33.605469
2023-04-19T20:49:08.8410137Z 1681937348.841014 60.000000 2261 eziemag AAAAAPeiZQ0A 39.255687 -76.957072 190.500000 3 33.625000 800 6653.991582 10828.992575 36893.381336 0 0 -0.500100 2.294717 9.698110 0.000305 -0.005498 0.010385 33.609375
2023-04-19T20:50:08.8434882Z 1681937408.843488 60.000000 2260 eziemag AAAAAPeiZQ0A 39.255670 -76.957060 185.800000 3 33.562500 800 6661.065878 10867.388303 36912.361693 0 0 -0.500698 2.295913 9.691530 0.001222 -0.006109 0.010996 33.433594
2023-04-19T20:51:08.852227Z 1681937468.852227 60.000000 2261 eziemag AAAAAPeiZQ0A 39.255747 -76.956933 185.800000 3 33.625000 800 6643.366033 10797.158857 36879.555734 0 0 -0.516251 2.296511 9.687941 0.001069 -0.005345 0.010537 33.441406
2023-04-19T20:52:08.86072Z 1681937528.860720 60.000000 2242 eziemag AAAAAPeiZQ0A 39.255703 -76.956955 186.000000 3 33.562500 800 6656.346138 10874.799898 36911.445873 0 0 -0.507278 2.300699 9.682557 0.000916 -0.006261 0.010843 33.515625
2023-04-19T20:53:08.867961Z 1681937588.867961 60.000000 2261 eziemag AAAAAPeiZQ0A 39.255692 -76.957010 185.100000 3 33.500000 800 6661.445289 10881.766667 36909.735253 0 0 -0.515055 2.289333 9.678369 0.000305 -0.006109 0.010537 33.511719
2023-04-19T20:54:08.8822935Z 1681937648.882293 60.000000 2264 eziemag AAAAAPeiZQ0A 39.255712 -76.956997 184.400000 3 33.625000 800 6653.734008 10871.091647 36915.606310 0 0 -0.501296 2.297708 9.696315 0.001069 -0.005345 0.010232 33.753906
2023-04-19T20:55:08.8989117Z 1681937708.898912 60.000000 2262 eziemag AAAAAPeiZQ0A 39.255683 -76.957062 184.100000 3 33.562500 800 6658.367482 10875.190757 36918.052856 0 0 -0.500698 2.295913 9.695717 0.001222 -0.005803 0.010690 33.691406
2023-04-19T20:56:08.9121766Z 1681937768.912177 60.000000 2261 eziemag AAAAAPeiZQ0A 39.255705 -76.957055 184.400000 3 33.437500 800 6654.175155 10840.294768 36907.848011 0 0 -0.497707 2.300101 9.682557 0.000916 -0.005498 0.010537 33.750000
2023-04-19T20:57:08.9378285Z 1681937828.937829 60.000000 2263 eziemag AAAAAPeiZQ0A 39.255730 -76.957015 183.800000 3 33.437500 800 6647.008051 10812.985361 36892.697742 0 0 -0.511466 2.278565 9.687342 0.001069 -0.005498 0.010232 33.937500
2023-04-19T20:58:08.9569144Z 1681937888.956914 60.000000 2209 eziemag AAAAAPeiZQ0A 39.255728 -76.957012 183.400000 3 33.375000 800 6669.699111 10882.127271 36919.142027 0 0 -0.501296 2.297110 9.694521 0.001222 -0.005803 0.010996 34.082031
2023-04-19T20:59:08.9688592Z 1681937948.968859 60.000000 2262 eziemag AAAAAPeiZQ0A 39.255715 -76.957048 182.500000 3 33.250000 800 6646.252500 10848.020358 36911.959386 0 0 -0.503689 2.288137 9.680164 0.001374 -0.006109 0.010690 34.292969
