2023-04-19T19:02:25.77261Z 1681930945.772610 60.000000 2241 eziemag AAAAAPeiZQ0A nan nan nan 3 21.250000 800 5508.539490 32273.422548 71625.572854 0 0 0.189033 -3.914658 9.218349 0.001222 -0.005956 0.011912 22.539062
2023-04-19T19:03:25.7955964Z 1681931005.795596 60.000000 2239 eziemag AAAAAPeiZQ0A nan nan nan 3 21.250000 800 5507.000995 32268.483665 71625.317733 0 0 0.190229 -3.921836 9.217153 0.000305 -0.006261 0.011301 22.566406
2023-04-19T19:04:25.8148646Z 1681931065.814865 60.000000 2240 eziemag AAAAAPeiZQ0A nan nan nan 3 21.187500 800 5507.492430 32271.198415 71620.391933 0 0 0.197408 -3.931408 9.212367 0.000916 -0.006414 0.011606 22.488281
2023-04-19T19:05:25.8258522Z 1681931125.825852 60.000000 2235 eziemag AAAAAPeiZQ0A nan nan nan 3 21.062500 800 5508.763130 32265.032988 71616.054874 0 0 0.194417 -3.930211 9.222537 0.001374 -0.006414 0.011148 22.464844
2023-04-19T19:06:25.8338437Z 1681931185.833844 60.000000 2228 eziemag AAAAAPeiZQ0A nan nan nan 3 21.000000 800 12091.708797 27160.697331 72627.629710 0 0 0.314058 -3.939782 9.197412 0.002291 -0.006872 0.014813 22.289062
2023-04-19T19:07:25.8444889Z 1681931245.844489 60.000000 2236 eziemag AAAAAPeiZQ0A nan nan nan 3 21.062500 800 13621.116529 25744.488963 72846.340461 0 0 0.335593 -3.888337 9.227322 0.000611 -0.005651 0.011759 22.363281
2023-04-19T19:08:25.8523755Z 1681931305.852376 60.000000 2236 eziemag AAAAAPeiZQ0A nan nan nan 3 21.062500 800 13630.565004 25735.859001 72847.413278 0 0 0.327817 -3.888935 9.239286 0.000916 -0.005651 0.011454 22.441406
2023-04-19T19:09:25.8721468Z 1681931365.872147 60.000000 2237 eziemag AAAAAPeiZQ0A nan nan nan 3 21.125000 800 13641.275185 25722.023587 72851.953125 0 0 0.318245 -3.887140 9.201599 0.000611 -0.006720 0.011148 22.437500
2023-04-19T19:10:25.8749294Z 1681931425.874929 60.000000 2237 eziemag AAAAAPeiZQ0A nan nan nan 3 21.062500 800 13633.776914 25733.172053 72848.584218 0 0 0.320638 -3.900301 9.235697 0.000305 -0.006720 0.011606 22.335938
2023-04-19T19:11:25.889846Z 1681931485.889846 60.000000 2237 eziemag AAAAAPeiZQ0A nan nan nan 3 21.062500 800 13624.774082 25724.769410 72844.914399 0 0 0.317647 -3.887739 9.243474 0.001374 -0.005956 0.011759 22.292969
2023-04-19T19:12:25.9167264Z 1681931545.916726 60.000000 2218 eziemag AAAAAPeiZQ0A nan nan nan 3 21.062500 800 13624.034885 25721.089778 72841.270746 0 0 0.320040 -3.887140 9.235697 0.001222 -0.006567 0.011606 22.386719
2023-04-19T19:13:25.9252293Z 1681931605.925229 60.000000 2238 eziemag AAAAAPeiZQ0A nan nan nan 3 21.062500 800 13639.356871 25720.782325 72776.561565 0 0 0.329611 -3.878167 9.236295 0.000764 -0.006720 0.011454 22.410156
2023-04-19T19:14:25.9438982Z 1681931665.943898 60.000000 2239 eziemag AAAAAPeiZQ0A nan nan nan 3 21.125000 800 13638.648746 25720.659670 72779.210900 0 0 0.317647 -3.885346 9.248858 0.000764 -0.006414 0.011912 22.406250
2023-04-19T19:15:25.957918Z 1681931725.957918 60.000000 2236 eziemag AAAAAPeiZQ0A nan nan nan 3 21.125000 800 13645.966306 25723.928818 72784.758149 0 0 0.327817 -3.884747 9.235099 0.000764 -0.006567 0.012065 22.406250
2023-04-19T19:16:25.9593072Z 1681931785.959307 60.000000 2237 eziemag AAAAAPeiZQ0A nan nan nan 3 21.187500 800 13657.630738 25721.292567 72773.074910 0 0 0.328415 -3.877569 9.241081 0.000611 -0.006261 0.011301 22.410156
2023-04-19T19:17:25.9629622Z 1681931845.962962 60.000000 2240 eziemag AAAAAPeiZQ0A nan nan nan 3 21.125000 800 13651.843904 25732.511354 72778.373580 0 0 0.332602 -3.878167 9.233902 0.001069 -0.006720 0.012217 22.406250
2023-04-19T19:18:25.9845443Z 1681931905.984544 60.000000 2240 eziemag AAAAAPeiZQ0A nan nan nan 3 21.187500 800 11578.395307 18880.623879 72292.263195 0 0 0.225524 0.618545 9.966106 -0.001374 -0.005498 0.012523 22.398438
2023-04-19T19:19:26.0037518Z 1681931966.003752 60.000000 2238 eziemag AAAAAPeiZQ0A nan nan nan 3 21.062500 800 11795.339834 -4457.335024 80477.503551 0 0 0.217747 0.605982 9.977472 0.001222 -0.006720 0.011301 22.394531
2023-04-19T19:20:26.0202215Z 1681932026.020221 60.000000 2239 eziemag AAAAAPeiZQ0A nan nan nan 3 21.125000 800 11787.193948 -4452.083372 80500.634532 0 0 0.206381 0.603590 9.990633 0.002291 -0.006261 0.011148 22.414062
2023-04-19T19:21:26.041038Z 1681932086.041038 60.000000 2239 eziemag AAAAAPeiZQ0A nan nan nan 3 21.250000 800 11791.632401 -4446.319434 80500.065416 0 0 0.205185 0.607179 9.986445 0.000458 -0.006261 0.011759 22.535156
2023-04-19T19:22:26.0661888Z 1681932146.066189 60.000000 2239 eziemag AAAAAPeiZQ0A nan nan nan 3 21.250000 800 11792.467269 -4439.808122 80503.283867 0 0 0.218345 0.614357 9.971490 0.001833 -0.007330 0.011454 22.378906
2023-04-19T19:23:26.0684319Z 1681932206.068432 60.000000 2230 eziemag AAAAAPeiZQ0A nan nan nan 3 21.187500 800 10407.956064 -2823.874471 80587.683164 0 0 0.000000 0.245264 10.001400 0.001527 -0.005956 0.011454 22.398438
2023-04-19T19:24:26.073747Z 1681932266.073747 60.000000 2237 eziemag AAAAAPeiZQ0A nan nan nan 3 21.250000 800 8924.628766 -1073.826022 80683.680659 0 0 0.005384 0.255434 10.006186 0.001833 -0.007330 0.011148 22.398438
2023-04-19T19:25:26.089692Z 1681932326.089692 60.000000 2239 eziemag AAAAAPeiZQ0A nan nan nan 3 21.250000 800 11275.349039 -3285.339297 79847.596441 0 0 0.023330 0.263210 10.006784 0.000916 -0.006261 0.012065 22.445312
2023-04-19T19:26:26.1064894Z 1681932386.106489 60.000000 2240 eziemag AAAAAPeiZQ0A nan nan nan 3 21.312500 800 12537.048048 -4530.620608 79386.448677 0 0 0.025723 0.270389 10.006784 0.000916 -0.006109 0.011454 22.476562
2023-04-19T19:27:26.116104Z 1681932446.116104 60.000000 2190 eziemag AAAAAPeiZQ0A nan nan nan 3 21.312500 800 9275.023713 -2735.432281 79998.824387 0 0 -0.108275 0.195015 10.008579 0.001222 -0.002902 0.011912 22.464844
2023-04-19T19:28:26.1233974Z 1681932506.123397 60.000000 2239 eziemag AAAAAPeiZQ0A nan nan nan 3 21.312500 800 7290.771017 -1651.321791 80799.243982 0 0 -0.013759 0.337388 10.015757 0.000916 -0.006261 0.011301 22.457031
2023-04-19T19:29:26.1240988Z 1681932566.124099 60.000000 2236 eziemag AAAAAPeiZQ0A nan nan nan 3 21.312500 800 7893.093157 -1841.580916 80678.951106 0 0 -0.023928 0.339781 9.984052 0.000764 -0.006261 0.011454 22.406250
2023-04-19T19:30:26.1306086Z 1681932626.130609 60.000000 2237 eziemag AAAAAPeiZQ0A nan nan nan 3 21.375000 800 7899.947901 -1834.285229 80668.059397 0 0 -0.018544 0.341575 9.993624 0.001680 -0.005956 0.011454 22.410156
2023-04-19T19:31:26.131135Z 1681932686.131135 60.000000 2237 eziemag AAAAAPeiZQ0A nan nan nan 3 21.375000 800 6637.864167 6126.813649 80055.781811 0 0 -0.063410 -0.439083 10.034900 0.001222 -0.005956 0.011759 22.390625
2023-04-19T19:32:26.1366959Z 1681932746.136696 60.000000 2239 eziemag AAAAAPeiZQ0A nan nan nan 3 21.375000 800 5953.756904 7090.005420 80971.941350 0 0 -0.026919 -0.446261 10.009177 0.000764 -0.006261 0.011759 22.421875
2023-04-19T19:33:26.1391127Z 1681932806.139113 60.000000 2241 eziemag AAAAAPeiZQ0A nan nan nan 3 21.437500 800 5946.913198 7074.281946 80968.657484 0 0 -0.032303 -0.436690 10.013364 0.000916 -0.006872 0.011301 22.500000
2023-04-19T19:34:26.1528618Z 1681932866.152862 60.000000 2242 eziemag AAAAAPeiZQ0A nan nan nan 3 21.500000 800 5975.012090 7017.974591 80985.083358 0 0 -0.022732 -0.430708 10.001998 0.000458 -0.006261 0.011759 22.601562
2023-04-19T19:35:26.1731057Z 1681932926.173106 60.000000 2239 eziemag AAAAAPeiZQ0A nan nan nan 3 21.500000 800 5998.378976 7003.906133 80988.223310 0 0 -0.037687 -0.431306 10.022337 0.000764 -0.005803 0.011454 22.582031
2023-04-19T19:36:26.1968575Z 1681932986.196857 60.000000 2240 eziemag AAAAAPeiZQ0A nan nan nan 3 21.437500 800 6030.068780 6954.893443 81005.905166 0 0 -0.045464 -0.428315 10.022936 0.001527 -0.006109 0.011759 22.605469
2023-04-19T19:37:26.2059317Z 1681933046.205932 60.000000 2239 eziemag AAAAAPeiZQ0A nan nan nan 3 21.500000 800 6030.947394 6941.947681 81014.324163 0 0 -0.027517 -0.442074 9.990633 0.000153 -0.006261 0.011606 22.578125
2023-04-19T19:38:26.2243154Z 1681933106.224315 60.000000 2234 eziemag AAAAAPeiZQ0A nan nan nan 3 21.375000 800 6027.900250 6943.660754 81018.929426 0 0 -0.023330 -0.425922 9.996016 0.000458 -0.006261 0.012217 22.539062
2023-04-19T19:39:26.2408886Z 1681933166.240889 60.000000 2237 eziemag AAAAAPeiZQ0A nan nan nan 3 21.375000 800 6029.528692 6944.589657 81020.996561 0 0 -0.040080 -0.419940 10.019346 0.001527 -0.006261 0.011301 22.507812
2023-04-19T19:40:26.2607772Z 1681933226.260777 60.000000 2239 eziemag AAAAAPeiZQ0A nan nan nan 3 21.312500 800 6027.038808 6944.550407 81017.738861 0 0 -0.029312 -0.418146 10.006784 0.000916 -0.006872 0.011912 22.453125
2023-04-19T19:41:26.2736049Z 1681933286.273605 60.000000 2240 eziemag AAAAAPeiZQ0A nan nan nan 3 21.375000 800 6026.596843 6944.262578 81008.332087 0 0 -0.045464 -0.428913 10.026525 0.000000 -0.006261 0.011301 22.421875
2023-04-19T19:42:26.2966635Z 1681933346.296664 60.000000 2239 eziemag AAAAAPeiZQ0A nan nan nan 3 21.375000 800 6029.023765 6943.286250 80995.131205 0 0 -0.055035 -0.427717 10.039087 0.001222 -0.006414 0.011759 22.433594
2023-04-19T19:43:26.315279Z 1681933406.315279 60.000000 2236 eziemag AAAAAPeiZQ0A nan nan nan 3 21.437500 800 6028.583844 6945.890611 81004.191275 0 0 -0.007178 -0.434297 9.970294 0.000458 -0.006567 0.011454 22.445312
2023-04-19T19:44:26.3294945Z 1681933466.329494 60.000000 2238 eziemag AAAAAPeiZQ0A nan nan nan 3 21.437500 800 6032.249166 6945.713989 81004.636102 0 0 -0.020339 -0.430110 9.999606 0.000916 -0.006261 0.012217 22.515625
2023-04-19T19:45:26.345654Z 1681933526.345654 60.000000 2239 eziemag AAAAAPeiZQ0A nan nan nan 3 21.312500 800 6027.731396 6935.178795 81004.367898 0 0 -0.050847 -0.427717 10.022337 0.002291 -0.006261 0.011606 22.445312
2023-04-19T19:46:26.3533273Z 1681933586.353327 60.000000 2241 eziemag AAAAAPeiZQ0A nan nan nan 3 21.250000 800 6024.849018 6936.840353 81004.910848 0 0 -0.050847 -0.419342 10.040882 0.002443 -0.006261 0.011606 22.382812
2023-04-19T19:47:26.365607Z 1681933646.365607 60.000000 2238 eziemag AAAAAPeiZQ0A nan nan nan 3 21.312500 800 6028.578120 6947.298683 81002.006392 0 0 -0.049651 -0.424128 10.030712 0.002138 -0.005803 0.012065 22.398438
2023-04-19T19:48:26.3656487Z 1681933706.365649 60.000000 2200 eziemag AAAAAPeiZQ0A nan nan nan 3 21.312500 800 6031.538179 6948.391943 81006.755570 0 0 -0.015553 -0.429512 9.993025 0.001374 -0.006261 0.011454 22.449219
2023-04-19T19:49:26.3834894Z 1681933766.383489 60.000000 2241 eziemag AAAAAPeiZQ0A nan nan nan 3 21.312500 800 6032.187430 6950.219493 81007.265812 0 0 -0.025125 -0.430110 10.016954 0.001069 -0.006567 0.011454 22.449219
2023-04-19T19:50:26.398514Z 1681933826.398514 60.000000 2240 eziemag AAAAAPeiZQ0A nan nan nan 3 21.312500 800 6028.355298 6950.695392 81009.306781 0 0 -0.019741 -0.422333 10.001400 0.000000 -0.005956 0.011912 22.421875
2023-04-19T19:51:26.4141006Z 1681933886.414101 60.000000 2239 eziemag AAAAAPeiZQ0A nan nan nan 3 21.312500 800 6025.746440 6953.966993 81004.426772 0 0 -0.011366 -0.424128 9.978668 -0.000153 -0.006109 0.011454 22.359375
2023-04-19T19:52:26.4236453Z 1681933946.423645 60.000000 2239 eziemag AAAAAPeiZQ0A nan nan nan 3 21.250000 800 6026.238284 6953.508266 81008.188173 0 0 -0.046062 -0.412164 10.021141 0.001374 -0.006261 0.011148 22.316406
2023-04-19T19:53:26.4470077Z 1681934006.447008 60.000000 2241 eziemag AAAAAPeiZQ0A nan nan nan 3 21.187500 800 6025.181003 6954.689836 81006.016373 0 0 -0.023928 -0.430110 10.005588 0.000611 -0.006720 0.011454 22.335938
2023-04-19T19:54:26.4734797Z 1681934066.473480 60.000000 2241 eziemag AAAAAPeiZQ0A nan nan nan 3 21.187500 800 6021.722558 6953.227796 81005.924791 0 0 -0.041276 -0.432503 10.016954 0.000764 -0.006567 0.011301 22.386719
2023-04-19T19:55:26.4931617Z 1681934126.493162 60.000000 2239 eziemag AAAAAPeiZQ0A nan nan nan 3 21.312500 800 6021.839080 6954.318602 81004.714601 0 0 -0.034696 -0.424726 10.012766 0.001069 -0.006872 0.011759 22.460938
2023-04-19T19:56:26.5107524Z 1681934186.510752 60.000000 2241 eziemag AAAAAPeiZQ0A nan nan nan 3 21.187500 800 6018.524141 6954.698831 81010.798258 0 0 -0.020339 -0.427119 10.001400 0.000000 -0.006414 0.011912 22.394531
2023-04-19T19:57:26.5362318Z 1681934246.536232 60.000000 2240 eziemag AAAAAPeiZQ0A nan nan nan 3 21.312500 800 6024.412369 6952.070756 81001.770896 0 0 -0.050847 -0.428315 9.993624 0.001833 -0.006872 0.011606 22.359375
2023-04-19T19:58:26.5568523Z 1681934306.556852 60.000000 2240 eziemag AAAAAPeiZQ0A nan nan nan 3 21.250000 800 -12341.890209 -1301.190142 84697.370290 0 0 0.047258 -0.186042 10.015159 0.000916 -0.005498 0.011301 22.296875
2023-04-19T19:59:26.5787294Z 1681934366.578729 60.000000 2238 eziemag AAAAAPeiZQ0A nan nan nan 3 21.312500 800 -22547.625178 -18747.980525 80670.708732 0 0 -0.923630 2.440081 9.631709 0.004123 -0.005803 0.012828 22.386719
