2023-04-19T21:00:08.9778209Z 1681938008.977821 60.000000 2260 eziemag AAAAAPeiZQ0A 39.255733 -76.957018 182.400000 3 33.250000 800 6661.606784 10871.398283 36913.630757 0 0 -0.509671 2.288735 9.692726 0.001527 -0.005040 0.010537 34.519531
2023-04-19T21:01:09.0002427Z 1681938069.000243 60.000000 2264 eziemag AAAAAPeiZQ0A 39.255728 -76.957015 181.400000 3 33.125000 800 6652.979275 10878.719114 36925.379411 0 0 -0.504287 2.307279 9.690932 0.000916 -0.005498 0.010537 34.378906
2023-04-19T21:02:09.0202534Z 1681938129.020253 60.000000 2260 eziemag AAAAAPeiZQ0A 39.255733 -76.957057 180.700000 3 33.000000 800 6646.788499 10876.987235 36924.339302 0 0 -0.505484 2.293520 9.685548 0.001833 -0.005498 0.010537 34.449219
2023-04-19T21:03:09.0447474Z 1681938189.044747 60.000000 2263 eziemag AAAAAPeiZQ0A 39.255650 -76.957088 181.300000 3 32.937500 800 6640.318481 10836.310953 36903.579639 0 0 -0.521037 2.288735 9.681360 0.001374 -0.005498 0.010843 34.445312
2023-04-19T21:04:09.0667691Z 1681938249.066769 60.000000 2262 eziemag AAAAAPeiZQ0A 39.255653 -76.957123 180.300000 3 32.750000 800 6659.720769 10778.178501 36880.131392 0 0 -0.505484 2.278565 9.675378 0.001222 -0.005498 0.010537 34.269531
2023-04-19T21:05:09.0758889Z 1681938309.075889 60.000000 2262 eziemag AAAAAPeiZQ0A 39.255650 -76.957132 179.300000 3 32.625000 800 6628.499096 10786.586867 36869.406493 0 0 -0.492921 2.292324 9.689735 0.001222 -0.005956 0.010690 34.363281
2023-04-19T21:06:09.1001546Z 1681938369.100155 60.000000 2263 eziemag AAAAAPeiZQ0A 39.255662 -76.957095 178.300000 3 32.562500 800 6649.731387 10871.713914 36917.094516 0 0 -0.506082 2.298306 9.692726 0.001527 -0.005803 0.010079 34.390625
2023-04-19T21:07:09.1082785Z 1681938429.108279 60.000000 2257 eziemag AAAAAPeiZQ0A 39.255652 -76.957115 177.400000 3 32.437500 800 6647.743568 10871.918338 36921.297473 0 0 -0.506680 2.297708 9.680164 0.001222 -0.005192 0.010385 34.316406
2023-04-19T21:08:09.1153207Z 1681938489.115321 60.000000 2263 eziemag AAAAAPeiZQ0A 39.255670 -76.957042 176.700000 3 32.375000 800 6658.904708 10877.701083 36915.714246 0 0 -0.504287 2.285744 9.689137 0.001069 -0.005651 0.010996 34.535156
2023-04-19T21:09:09.1323428Z 1681938549.132343 60.000000 2259 eziemag AAAAAPeiZQ0A 39.255672 -76.957072 176.200000 3 32.312500 800 6645.669892 10842.885228 36888.478432 0 0 -0.502493 2.291726 9.690932 0.000764 -0.005192 0.010843 34.449219
2023-04-19T21:10:09.1393042Z 1681938609.139304 60.000000 2262 eziemag AAAAAPeiZQ0A 39.255672 -76.957073 175.700000 3 32.250000 800 6654.642059 10860.859001 36902.480656 0 0 -0.507877 2.297110 9.678369 0.001222 -0.005498 0.010079 34.476562
2023-04-19T21:11:09.1466794Z 1681938669.146679 60.000000 2255 eziemag AAAAAPeiZQ0A 39.255663 -76.957090 175.500000 3 32.187500 800 6648.156096 10876.087769 36923.636083 0 0 -0.516850 2.298904 9.685548 0.001374 -0.005803 0.010996 34.460938
2023-04-19T21:12:09.1472707Z 1681938729.147271 60.000000 2263 eziemag AAAAAPeiZQ0A 39.255645 -76.957138 174.200000 3 32.187500 800 6651.911364 10870.140667 36910.091769 0 0 -0.507877 2.301895 9.691530 0.001833 -0.005651 0.010843 34.445312
2023-04-19T21:13:09.152172Z 1681938789.152172 60.000000 2263 eziemag AAAAAPeiZQ0A 39.255593 -76.957107 174.700000 3 32.187500 800 6643.706195 10877.222731 36909.722170 0 0 -0.513859 2.295913 9.696914 0.000764 -0.005345 0.010537 34.390625
2023-04-19T21:14:09.1593912Z 1681938849.159391 60.000000 2261 eziemag AAAAAPeiZQ0A 39.255615 -76.957158 174.500000 3 32.000000 800 6682.957232 10847.651577 36875.761625 0 0 -0.501296 2.288137 9.700503 0.000916 -0.005956 0.010843 34.289062
2023-04-19T21:15:09.1638825Z 1681938909.163882 60.000000 2264 eziemag AAAAAPeiZQ0A 39.255618 -76.957117 174.100000 3 31.937500 800 6646.135978 10878.130373 36917.647279 0 0 -0.509073 2.282753 9.693324 0.000611 -0.006109 0.010537 34.214844
2023-04-19T21:16:09.1763732Z 1681938969.176373 60.000000 2264 eziemag AAAAAPeiZQ0A 39.255645 -76.957043 173.600000 3 31.937500 800 6646.187493 10879.387990 36918.409371 0 0 -0.510269 2.296511 9.660423 0.001833 -0.005651 0.010537 34.195312
2023-04-19T21:17:09.1883318Z 1681939029.188332 60.000000 2264 eziemag AAAAAPeiZQ0A 39.255667 -76.957005 173.600000 3 31.875000 800 6647.923052 10885.644999 36914.494243 0 0 -0.510868 2.297708 9.697512 0.001069 -0.005956 0.010232 34.179688
2023-04-19T21:18:09.2051945Z 1681939089.205194 60.000000 2259 eziemag AAAAAPeiZQ0A 39.255643 -76.957008 173.400000 3 31.812500 800 6650.798480 10864.303954 36903.517494 0 0 -0.506680 2.290529 9.674780 0.000611 -0.005651 0.010843 34.078125
2023-04-19T21:19:09.2279923Z 1681939149.227992 60.000000 2263 eziemag AAAAAPeiZQ0A 39.255652 -76.957013 172.600000 3 31.812500 800 6649.923954 10882.796146 36915.367543 0 0 -0.509073 2.285744 9.695119 0.000458 -0.006872 0.010537 34.101562
2023-04-19T21:20:09.243058Z 1681939209.243058 60.000000 2260 eziemag AAAAAPeiZQ0A 39.255658 -76.957028 172.200000 3 31.812500 800 6667.116828 10864.004677 36944.389205 0 0 -0.510269 2.286940 9.677173 0.000916 -0.005498 0.010690 34.082031
2023-04-19T21:21:09.2595577Z 1681939269.259558 60.000000 2264 eziemag AAAAAPeiZQ0A 39.255665 -76.957050 172.500000 3 31.875000 800 6651.492704 10830.946868 36930.943014 0 0 -0.505484 2.299503 9.682557 0.001527 -0.006414 0.010690 34.101562
2023-04-19T21:22:09.2757115Z 1681939329.275712 60.000000 2264 eziemag AAAAAPeiZQ0A 39.255692 -76.957010 172.400000 3 31.812500 800 6647.143379 10877.051833 36907.687743 0 0 -0.509073 2.286940 9.678369 0.000611 -0.005803 0.010690 34.097656
2023-04-19T21:23:09.286585Z 1681939389.286585 60.000000 2260 eziemag AAAAAPeiZQ0A 39.255665 -76.957060 171.900000 3 31.875000 800 6654.699298 10888.717900 36919.756934 0 0 -0.509671 2.289931 9.690333 0.001833 -0.005040 0.010385 34.203125
2023-04-19T21:24:09.304843Z 1681939449.304843 60.000000 2262 eziemag AAAAAPeiZQ0A 39.255708 -76.957003 173.900000 3 31.937500 800 6663.682914 10894.296221 36918.644868 0 0 -0.519841 2.295913 9.692128 0.001069 -0.005345 0.009927 34.390625
2023-04-19T21:25:09.3135695Z 1681939509.313570 60.000000 2261 eziemag AAAAAPeiZQ0A 39.255707 -76.957160 172.900000 3 32.000000 800 6661.651348 10893.538217 36918.792053 0 0 -0.514457 2.295315 9.678967 0.001680 -0.005803 0.010690 34.320312
2023-04-19T21:26:09.3181913Z 1681939569.318191 60.000000 2265 eziemag AAAAAPeiZQ0A 39.255652 -76.957122 171.800000 3 32.062500 800 6660.854504 10893.462989 36923.884663 0 0 -0.497707 2.299503 9.691530 0.002138 -0.005498 0.010996 34.449219
2023-04-19T21:27:09.342189Z 1681939629.342189 60.000000 2258 eziemag AAAAAPeiZQ0A 39.255637 -76.957043 170.600000 3 32.125000 800 6653.390985 10887.107856 36926.619038 0 0 -0.504886 2.290529 9.678369 0.001527 -0.005651 0.011148 34.429688
2023-04-19T21:28:09.3432245Z 1681939689.343225 60.000000 2266 eziemag AAAAAPeiZQ0A 39.255570 -76.957083 169.800000 3 32.125000 800 6650.088720 10884.082382 36933.023232 0 0 -0.495314 2.301297 9.698708 0.000916 -0.005498 0.010385 34.472656
2023-04-19T21:29:09.3648634Z 1681939749.364863 60.000000 2265 eziemag AAAAAPeiZQ0A 39.255587 -76.957147 169.000000 3 32.187500 800 6661.874988 10891.360693 36926.265793 0 0 -0.503091 2.288735 9.686146 0.001069 -0.006261 0.010537 34.539062
2023-04-19T21:30:09.3861213Z 1681939809.386121 60.000000 2261 eziemag AAAAAPeiZQ0A 39.255607 -76.957067 169.000000 3 32.187500 800 6647.184673 10881.816546 36931.819584 0 0 -0.509671 2.296511 9.680762 0.001374 -0.005345 0.010537 34.562500
2023-04-19T21:31:09.411734Z 1681939869.411734 60.000000 2263 eziemag AAAAAPeiZQ0A 39.255613 -76.957067 168.700000 3 32.187500 800 6656.499456 10890.468586 36926.520914 0 0 -0.507877 2.298904 9.693923 0.001222 -0.005345 0.010843 34.472656
2023-04-19T21:32:09.4224267Z 1681939929.422427 60.000000 2262 eziemag AAAAAPeiZQ0A 39.255615 -76.957043 168.600000 3 32.187500 800 6661.196710 10896.077162 36930.063173 0 0 -0.492323 2.285146 9.684351 0.001069 -0.006261 0.010537 34.515625
2023-04-19T21:33:09.4469929Z 1681939989.446993 60.000000 2263 eziemag AAAAAPeiZQ0A 39.255612 -76.957075 169.000000 3 32.250000 800 6642.383163 10885.178912 36938.707854 0 0 -0.512064 2.301895 9.695119 0.001374 -0.005803 0.010843 34.597656
2023-04-19T21:34:09.4645998Z 1681940049.464600 60.000000 2263 eziemag AAAAAPeiZQ0A 39.255603 -76.957107 170.700000 3 32.312500 800 6629.742402 10873.734440 36928.359095 0 0 -0.504886 2.303092 9.677771 0.000916 -0.005803 0.010843 34.550781
2023-04-19T21:35:09.4849505Z 1681940109.484951 60.000000 2257 eziemag AAAAAPeiZQ0A 39.255593 -76.957105 170.200000 3 32.250000 800 6645.946682 10891.498066 36935.806669 0 0 -0.507278 2.289931 9.689735 0.001222 -0.005803 0.010690 34.515625
2023-04-19T21:36:09.4978547Z 1681940169.497855 60.000000 2265 eziemag AAAAAPeiZQ0A 39.255567 -76.957105 169.700000 3 32.250000 800 6642.087975 10883.774110 36929.850572 0 0 -0.506082 2.293520 9.692726 0.001069 -0.005498 0.010385 34.398438
2023-04-19T21:37:09.5005686Z 1681940229.500569 60.000000 2256 eziemag AAAAAPeiZQ0A 39.255505 -76.957110 168.900000 3 32.250000 800 6648.834783 10878.519597 36925.856945 0 0 -0.518644 2.291128 9.685548 0.001069 -0.005498 0.010690 34.445312
2023-04-19T21:38:09.5205963Z 1681940289.520596 60.000000 2264 eziemag AAAAAPeiZQ0A 39.255490 -76.957113 171.000000 3 32.312500 800 6607.976974 10879.022480 36927.001719 0 0 -0.504886 2.294119 9.677771 0.001985 -0.004887 0.010079 34.398438
2023-04-19T21:39:09.5303805Z 1681940349.530380 60.000000 2259 eziemag AAAAAPeiZQ0A 39.255488 -76.957072 169.900000 3 32.250000 800 6527.864038 10931.793301 36895.180267 0 0 -0.500100 2.309074 9.679566 0.001527 -0.005345 0.011301 34.382812
2023-04-19T21:40:09.5473735Z 1681940409.547374 60.000000 2264 eziemag AAAAAPeiZQ0A 39.255487 -76.957123 165.100000 3 32.312500 800 6452.597995 11038.657156 36880.739758 0 0 -0.509671 2.308476 9.665807 0.000916 -0.005498 0.010385 34.371094
2023-04-19T21:41:09.5636675Z 1681940469.563668 60.000000 2265 eziemag AAAAAPeiZQ0A 39.255543 -76.957080 163.300000 3 32.312500 800 6462.881747 11069.045188 36898.627673 0 0 -0.499502 2.294717 9.671789 0.001222 -0.005956 0.010385 34.277344
2023-04-19T21:42:09.585391Z 1681940529.585391 60.000000 2260 eziemag AAAAAPeiZQ0A 39.255603 -76.957113 162.400000 3 32.250000 800 6467.191413 11071.858880 36899.036521 0 0 -0.502493 2.291128 9.692128 0.001069 -0.006414 0.010690 34.324219
2023-04-19T21:43:09.586902Z 1681940589.586902 60.000000 2264 eziemag AAAAAPeiZQ0A 39.255600 -76.957112 162.100000 3 32.187500 800 6461.710807 11073.089512 36898.310407 0 0 -0.497707 2.303690 9.683753 0.001680 -0.005040 0.010690 34.171875
2023-04-19T21:44:09.5916748Z 1681940649.591675 60.000000 2266 eziemag AAAAAPeiZQ0A 39.255582 -76.957168 162.400000 3 32.187500 800 6461.041931 11071.417324 36901.725105 0 0 -0.515055 2.304288 9.678967 0.001527 -0.005192 0.010385 34.101562
2023-04-19T21:45:09.6152484Z 1681940709.615248 60.000000 2262 eziemag AAAAAPeiZQ0A 39.255602 -76.957208 162.200000 3 32.187500 800 6466.206907 11072.176146 36900.531269 0 0 -0.506082 2.296511 9.687941 0.001374 -0.005651 0.010843 34.164062
2023-04-19T21:46:09.6249774Z 1681940769.624977 60.000000 2265 eziemag AAAAAPeiZQ0A 39.255620 -76.957172 162.600000 3 32.125000 800 6461.232863 11072.939874 36900.433145 0 0 -0.509671 2.288137 9.671789 0.000458 -0.005956 0.010996 33.996094
2023-04-19T21:47:09.647572Z 1681940829.647572 60.000000 2260 eziemag AAAAAPeiZQ0A 39.255587 -76.957135 163.600000 3 32.062500 800 6460.675195 11074.504126 36899.635074 0 0 -0.516251 2.295913 9.686744 0.001527 -0.005956 0.010537 33.937500
2023-04-19T21:48:09.653318Z 1681940889.653318 60.000000 2266 eziemag AAAAAPeiZQ0A 39.255545 -76.957208 162.500000 3 32.062500 800 6459.398363 11071.261144 36901.483067 0 0 -0.505484 2.302494 9.681360 0.001680 -0.005498 0.010843 34.000000
2023-04-19T21:49:09.6750767Z 1681940949.675077 60.000000 2264 eziemag AAAAAPeiZQ0A 39.255542 -76.957137 160.300000 3 32.125000 800 6456.206078 11072.520396 36904.482375 0 0 -0.518644 2.297110 9.689735 0.001374 -0.005803 0.010690 34.050781
2023-04-19T21:50:09.6836224Z 1681941009.683622 60.000000 2260 eziemag AAAAAPeiZQ0A 39.255512 -76.957130 159.400000 3 32.250000 800 6454.966451 11081.395667 36912.430379 0 0 -0.511466 2.297708 9.686146 0.001069 -0.006414 0.011148 34.105469
2023-04-19T21:51:09.70696Z 1681941069.706960 60.000000 2246 eziemag AAAAAPeiZQ0A 39.255612 -76.957038 158.000000 3 32.125000 800 6452.990489 11082.515910 36913.110702 0 0 -0.516251 2.300699 9.685548 0.001069 -0.005498 0.010843 34.027344
2023-04-19T21:52:09.71562Z 1681941129.715620 60.000000 2260 eziemag AAAAAPeiZQ0A 39.255602 -76.957027 158.300000 3 32.187500 800 6454.602168 11081.831499 36913.810650 0 0 -0.506680 2.294717 9.683155 0.001527 -0.005956 0.010843 34.039062
2023-04-19T21:53:09.7209332Z 1681941189.720933 60.000000 2262 eziemag AAAAAPeiZQ0A 39.255563 -76.957015 158.400000 3 32.250000 800 6456.373706 11081.385037 36912.822873 0 0 -0.517448 2.301297 9.681360 0.000916 -0.005498 0.010843 34.089844
2023-04-19T21:54:09.7240202Z 1681941249.724020 60.000000 2261 eziemag AAAAAPeiZQ0A 39.255588 -76.957098 158.900000 3 32.250000 800 6433.741519 10996.334853 36865.860964 0 0 -0.509671 2.308476 9.698110 0.000916 -0.005498 0.010537 34.082031
2023-04-19T21:55:09.7360563Z 1681941309.736056 60.000000 2263 eziemag AAAAAPeiZQ0A 39.255552 -76.957145 159.100000 3 32.250000 800 6441.037002 11025.044156 36879.045492 0 0 -0.493520 2.293520 9.691530 0.001222 -0.006261 0.010843 34.105469
2023-04-19T21:56:09.7500134Z 1681941369.750013 60.000000 2264 eziemag AAAAAPeiZQ0A 39.255642 -76.957138 158.900000 3 32.312500 800 6456.521300 11078.517377 36909.398363 0 0 -0.507278 2.302494 9.695119 0.001833 -0.006414 0.010996 34.105469
2023-04-19T21:57:09.7733111Z 1681941429.773311 60.000000 2260 eziemag AAAAAPeiZQ0A 39.255585 -76.957125 155.500000 3 32.375000 800 6461.435243 11081.696579 36909.565173 0 0 -0.515055 2.297708 9.694521 0.001374 -0.005956 0.010843 34.125000
2023-04-19T21:58:09.7736676Z 1681941489.773668 60.000000 2266 eziemag AAAAAPeiZQ0A 39.255615 -76.957068 156.400000 3 32.375000 800 6463.728880 11077.578662 36902.830629 0 0 -0.518046 2.295913 9.668200 0.000611 -0.006261 0.010537 34.125000
2023-04-19T21:59:09.7970073Z 1681941549.797007 60.000000 2258 eziemag AAAAAPeiZQ0A 39.255602 -76.957060 155.300000 3 32.375000 800 6459.058201 11080.232903 36902.644195 0 0 -0.510269 2.299503 9.694521 0.001833 -0.006261 0.010690 34.203125
