2023-04-25T02:00:33.9549098Z 1682388033.954910 60.000000 2248 eziemag AAAAAPeiZQ0A 39.255640 -76.956960 152.600000 3 25.562500 800 -29794.332199 29265.940397 66772.750635 0 0 0.666999 0.798605 9.950553 0.000916 -0.006414 0.011912 26.636719
2023-04-25T02:01:33.9793704Z 1682388093.979370 60.000000 2228 eziemag AAAAAPeiZQ0A 39.255640 -76.956960 152.600000 3 25.562500 800 -29794.822817 29265.282969 66772.665595 0 0 0.661615 0.787239 9.948160 0.001069 -0.006109 0.011301 26.652344
2023-04-25T02:02:33.9951181Z 1682388153.995118 60.000000 2247 eziemag AAAAAPeiZQ0A 39.255640 -76.956960 152.600000 3 25.562500 800 -29793.648606 29265.309136 66773.548707 0 0 0.669392 0.784248 9.946964 0.001374 -0.005803 0.011301 26.628906
2023-04-25T02:03:34.0025208Z 1682388214.002521 60.000000 2250 eziemag AAAAAPeiZQ0A 39.255640 -76.956960 152.600000 3 25.562500 800 -29795.794240 29266.051604 66772.148811 0 0 0.657428 0.792024 9.946365 0.001069 -0.005956 0.010843 26.660156
2023-04-25T02:04:34.0166395Z 1682388274.016639 60.000000 2249 eziemag AAAAAPeiZQ0A 39.255640 -76.956960 152.600000 3 25.562500 800 -29795.898905 29265.881523 66774.752355 0 0 0.668196 0.794417 9.955937 0.001527 -0.005803 0.011301 26.675781
2023-04-25T02:05:34.0397012Z 1682388334.039701 60.000000 2251 eziemag AAAAAPeiZQ0A 39.255640 -76.956960 152.600000 3 25.562500 800 -29794.708340 29265.407259 66772.161894 0 0 0.672383 0.778266 9.957133 0.000764 -0.005956 0.011759 26.644531
2023-04-25T02:06:34.051657Z 1682388394.051657 60.000000 2250 eziemag AAAAAPeiZQ0A 39.255640 -76.956960 152.600000 3 25.625000 800 -29794.342012 29265.580611 66774.902811 0 0 0.657428 0.791426 9.954740 0.001069 -0.006109 0.011912 26.636719
2023-04-25T02:07:34.0565038Z 1682388454.056504 60.000000 2247 eziemag AAAAAPeiZQ0A 39.255640 -76.956960 152.600000 3 25.625000 800 -29796.922660 29267.814556 66776.374664 0 0 0.667598 0.789033 9.953544 0.001222 -0.006261 0.011454 26.660156
2023-04-25T02:08:34.0814424Z 1682388514.081442 60.000000 2247 eziemag AAAAAPeiZQ0A 39.255640 -76.956960 152.600000 3 25.562500 800 -29795.391933 29267.615038 66774.915894 0 0 0.656232 0.796212 9.957731 0.001222 -0.006261 0.011454 26.640625
2023-04-25T02:09:34.095921Z 1682388574.095921 60.000000 2250 eziemag AAAAAPeiZQ0A 39.255640 -76.956960 152.600000 3 25.562500 800 -29796.405876 29267.219273 66776.067210 0 0 0.670589 0.798605 9.954142 0.000916 -0.006261 0.011606 26.625000
2023-04-25T02:10:34.1159298Z 1682388634.115930 60.000000 2250 eziemag AAAAAPeiZQ0A 39.255640 -76.956960 152.600000 3 25.625000 800 -29794.525176 29266.336162 66773.084255 0 0 0.669392 0.784846 9.952347 0.000916 -0.006109 0.012065 26.621094
2023-04-25T02:11:34.1186235Z 1682388694.118623 60.000000 2240 eziemag AAAAAPeiZQ0A 39.255640 -76.956960 152.600000 3 25.562500 800 -29795.496598 29268.279007 66775.478469 0 0 0.674776 0.783051 9.951749 0.001069 -0.006567 0.011301 26.648438
2023-04-25T02:12:34.1320543Z 1682388754.132054 60.000000 2251 eziemag AAAAAPeiZQ0A 39.255640 -76.956960 152.600000 3 25.562500 800 -29798.142662 29267.389354 66774.451443 0 0 0.668794 0.791426 9.954740 0.001527 -0.006109 0.011454 26.656250
2023-04-25T02:13:34.158499Z 1682388814.158499 60.000000 2251 eziemag AAAAAPeiZQ0A 39.255640 -76.956960 152.600000 3 25.625000 800 -29796.291399 29267.186565 66773.901951 0 0 0.661615 0.796212 9.948758 0.001374 -0.005803 0.011606 26.660156
2023-04-25T02:14:34.1736445Z 1682388874.173645 60.000000 2250 eziemag AAAAAPeiZQ0A 39.255640 -76.956960 152.600000 3 25.562500 800 -29798.015102 29266.224955 66775.570051 0 0 0.667598 0.789631 9.934999 0.000764 -0.005956 0.011148 26.675781
2023-04-25T02:15:34.1958854Z 1682388934.195885 60.000000 2209 eziemag AAAAAPeiZQ0A 39.255640 -76.956960 152.600000 3 25.562500 800 -29797.593171 29266.565117 66775.792464 0 0 0.662214 0.789033 9.949356 0.001680 -0.005803 0.011759 26.652344
2023-04-25T02:16:34.2019823Z 1682388994.201982 60.000000 2248 eziemag AAAAAPeiZQ0A 39.255640 -76.956960 152.600000 3 25.500000 800 -29795.990487 29266.905278 66773.051548 0 0 0.672981 0.786042 9.940981 0.000305 -0.006109 0.011606 26.636719
2023-04-25T02:17:34.2192018Z 1682389054.219202 60.000000 2249 eziemag AAAAAPeiZQ0A 39.255640 -76.956960 152.600000 3 25.562500 800 -29796.216171 29266.565117 66773.862702 0 0 0.678963 0.801596 9.947562 0.001222 -0.006261 0.010843 26.691406
2023-04-25T02:18:34.2314994Z 1682389114.231499 60.000000 2250 eziemag AAAAAPeiZQ0A 39.255640 -76.956960 152.600000 3 25.562500 800 -29796.281586 29267.016485 66772.318892 0 0 0.688535 0.786042 9.951151 0.001527 -0.006109 0.011606 26.675781
2023-04-25T02:19:34.2395732Z 1682389174.239573 60.000000 2248 eziemag AAAAAPeiZQ0A 39.255640 -76.956960 152.600000 3 25.562500 800 -29797.903895 29266.731927 66771.409614 0 0 0.669392 0.792024 9.948758 0.001069 -0.005651 0.010996 26.625000
2023-04-25T02:20:34.240091Z 1682389234.240091 60.000000 2248 eziemag AAAAAPeiZQ0A 39.255640 -76.956960 152.600000 3 25.562500 800 -29796.055902 29266.545492 66772.024522 0 0 0.680758 0.788435 9.943374 0.000764 -0.005651 0.011606 26.683594
2023-04-25T02:21:34.2537968Z 1682389294.253797 60.000000 2250 eziemag AAAAAPeiZQ0A 39.255640 -76.956960 152.600000 3 25.562500 800 -29795.928342 29267.052463 66772.508597 0 0 0.660419 0.796810 9.946964 0.001985 -0.005345 0.011606 26.660156
2023-04-25T02:22:34.2784145Z 1682389354.278414 60.000000 2249 eziemag AAAAAPeiZQ0A 39.255640 -76.956960 152.600000 3 25.500000 800 -29795.725553 29266.679594 66772.698303 0 0 0.672981 0.797408 9.948160 0.000764 -0.006261 0.011454 26.660156
2023-04-25T02:23:34.2978392Z 1682389414.297839 60.000000 2248 eziemag AAAAAPeiZQ0A 39.255640 -76.956960 152.600000 3 25.562500 800 -29800.399503 29267.202919 66773.509457 0 0 0.672383 0.785444 9.936196 0.000916 -0.005803 0.011454 26.667969
2023-04-25T02:24:34.3067148Z 1682389474.306715 60.000000 2248 eziemag AAAAAPeiZQ0A 39.255640 -76.956960 152.600000 3 25.562500 800 -29796.575957 29267.422062 66774.608440 0 0 0.667598 0.790828 9.942776 0.000916 -0.006567 0.011759 26.640625
2023-04-25T02:25:34.3183467Z 1682389534.318347 60.000000 2250 eziemag AAAAAPeiZQ0A 39.255640 -76.956960 152.600000 3 25.562500 800 -29798.515532 29267.657558 66772.750635 0 0 0.669392 0.803390 9.952946 0.001374 -0.005956 0.012065 26.703125
2023-04-25T02:26:34.3233955Z 1682389594.323395 60.000000 2250 eziemag AAAAAPeiZQ0A 39.255640 -76.956960 152.600000 3 25.562500 800 -29798.273494 29267.219273 66771.736693 0 0 0.667598 0.787239 9.948160 0.001069 -0.006720 0.011301 26.671875
2023-04-25T02:27:34.3455462Z 1682389654.345546 60.000000 2248 eziemag AAAAAPeiZQ0A 39.255640 -76.956960 152.600000 3 25.562500 800 -29799.356123 29268.357506 66773.398251 0 0 0.655035 0.795614 9.952946 0.000764 -0.005651 0.010996 26.679688
2023-04-25T02:28:34.34925Z 1682389714.349250 60.000000 2251 eziemag AAAAAPeiZQ0A 39.255640 -76.956960 152.600000 3 25.562500 800 -29797.593171 29267.085171 66772.776802 0 0 0.670589 0.786042 9.945767 0.001222 -0.005956 0.011148 26.660156
2023-04-25T02:29:34.3642507Z 1682389774.364251 60.000000 2251 eziemag AAAAAPeiZQ0A 39.255640 -76.956960 152.600000 3 25.562500 800 -29798.355263 29267.415520 66772.312350 0 0 0.674178 0.790828 9.954740 0.000916 -0.006261 0.011454 26.656250
2023-04-25T02:30:34.3843853Z 1682389834.384385 60.000000 2249 eziemag AAAAAPeiZQ0A 39.255640 -76.956960 152.600000 3 25.562500 800 -29799.195855 29266.578200 66772.920716 0 0 0.672981 0.792024 9.946964 0.001222 -0.005803 0.011454 26.695312
2023-04-25T02:31:34.41025Z 1682389894.410250 60.000000 2219 eziemag AAAAAPeiZQ0A 39.255640 -76.956960 152.600000 3 25.562500 800 -29800.674249 29267.294501 66774.098198 0 0 0.680160 0.803988 9.944571 0.001222 -0.006414 0.011148 26.644531
2023-04-25T02:32:34.4214659Z 1682389954.421466 60.000000 2249 eziemag AAAAAPeiZQ0A 39.255640 -76.956960 152.600000 3 25.625000 800 -29798.531885 29266.823509 66774.778521 0 0 0.674178 0.784248 9.947562 0.001222 -0.005956 0.011454 26.648438
2023-04-25T02:33:34.4340374Z 1682390014.434037 60.000000 2250 eziemag AAAAAPeiZQ0A 39.255640 -76.956960 152.600000 3 25.625000 800 -29798.459928 29267.873430 66771.592778 0 0 0.677767 0.789631 9.944571 0.001069 -0.006109 0.011606 26.648438
2023-04-25T02:34:34.4498982Z 1682390074.449898 60.000000 2249 eziemag AAAAAPeiZQ0A 39.255640 -76.956960 152.600000 3 25.562500 800 -29798.898213 29267.323938 66775.053267 0 0 0.655035 0.779462 9.954142 0.001222 -0.006261 0.011301 26.617188
2023-04-25T02:35:34.464192Z 1682390134.464192 60.000000 2243 eziemag AAAAAPeiZQ0A 39.255640 -76.956960 152.600000 3 25.625000 800 -29799.313603 29268.036969 66773.705704 0 0 0.665803 0.792024 9.946365 0.001680 -0.006261 0.011759 26.632812
2023-04-25T02:36:34.4747477Z 1682390194.474748 60.000000 2250 eziemag AAAAAPeiZQ0A 39.255640 -76.956960 152.600000 3 25.562500 800 -29800.438752 29267.677183 66774.817771 0 0 0.664008 0.791426 9.950553 0.000916 -0.006109 0.011606 26.644531
2023-04-25T02:37:34.4934843Z 1682390254.493484 60.000000 2250 eziemag AAAAAPeiZQ0A 39.255640 -76.956960 152.600000 3 25.562500 800 -29800.199985 29267.889784 66775.870963 0 0 0.665803 0.793819 9.950553 0.001374 -0.005956 0.011148 26.660156
2023-04-25T02:38:34.513781Z 1682390314.513781 60.000000 2248 eziemag AAAAAPeiZQ0A 39.255640 -76.956960 152.600000 3 25.625000 800 -29798.325826 29267.059005 66774.202863 0 0 0.661017 0.782453 9.945767 0.001069 -0.006261 0.011606 26.683594
2023-04-25T02:39:34.5374117Z 1682390374.537412 60.000000 2245 eziemag AAAAAPeiZQ0A 39.255640 -76.956960 152.600000 3 25.562500 800 -29800.042987 29268.210321 66774.098198 0 0 0.665803 0.798006 9.948160 0.001527 -0.006261 0.011148 26.679688
2023-04-25T02:40:34.5631864Z 1682390434.563186 60.000000 2249 eziemag AAAAAPeiZQ0A 39.255640 -76.956960 152.600000 3 25.562500 800 -29798.073976 29266.947798 66774.595357 0 0 0.666999 0.786042 9.950553 0.001222 -0.006414 0.011759 26.671875
2023-04-25T02:41:34.568005Z 1682390494.568005 60.000000 2250 eziemag AAAAAPeiZQ0A 39.255640 -76.956960 152.600000 3 25.562500 800 -29797.501589 29266.676323 66772.155353 0 0 0.656830 0.787239 9.951151 0.001222 -0.005803 0.011148 26.609375
2023-04-25T02:42:34.575636Z 1682390554.575636 60.000000 2249 eziemag AAAAAPeiZQ0A 39.255640 -76.956960 152.600000 3 25.562500 800 -29796.932472 29266.852946 66771.161035 0 0 0.665803 0.783649 9.933803 0.001374 -0.005803 0.011454 26.660156
2023-04-25T02:43:34.5810237Z 1682390614.581024 60.000000 2246 eziemag AAAAAPeiZQ0A 39.255640 -76.956960 152.600000 3 25.625000 800 -29797.243197 29266.898737 66771.651652 0 0 0.678365 0.793819 9.946365 0.001222 -0.006261 0.011454 26.613281
2023-04-25T02:44:34.5930624Z 1682390674.593062 60.000000 2251 eziemag AAAAAPeiZQ0A 39.255640 -76.956960 152.600000 3 25.562500 800 -29798.338909 29266.902007 66771.952564 0 0 0.671785 0.788435 9.951151 0.001374 -0.005803 0.011148 26.699219
2023-04-25T02:45:34.5998445Z 1682390734.599844 60.000000 2251 eziemag AAAAAPeiZQ0A 39.255640 -76.956960 152.600000 3 25.562500 800 -29795.957779 29266.329620 66772.024522 0 0 0.661017 0.786042 9.951151 0.001985 -0.006261 0.011148 26.695312
2023-04-25T02:46:34.6171348Z 1682390794.617135 60.000000 2250 eziemag AAAAAPeiZQ0A 39.255640 -76.956960 152.600000 3 25.562500 800 -29793.184154 29266.296912 66771.435781 0 0 0.664008 0.795015 9.948758 0.000611 -0.006109 0.011301 26.648438
2023-04-25T02:47:34.6179807Z 1682390854.617981 60.000000 2249 eziemag AAAAAPeiZQ0A 39.255640 -76.956960 152.600000 3 25.562500 800 -29799.205667 29266.983777 66771.422697 0 0 0.659821 0.790828 9.932607 0.001069 -0.005651 0.011912 26.671875
2023-04-25T02:48:34.6192665Z 1682390914.619267 60.000000 2251 eziemag AAAAAPeiZQ0A 39.255640 -76.956960 152.600000 3 25.562500 800 -29797.357674 29266.830050 66770.114384 0 0 0.664606 0.784846 9.942776 0.000611 -0.004887 0.011454 26.660156
2023-04-25T02:49:34.6396372Z 1682390974.639637 60.000000 2249 eziemag AAAAAPeiZQ0A 39.255640 -76.956960 152.600000 3 25.562500 800 -29799.581807 29267.641204 66772.122645 0 0 0.674776 0.787239 9.954740 0.001069 -0.006261 0.011759 26.679688
2023-04-25T02:50:34.6402872Z 1682391034.640287 60.000000 2250 eziemag AAAAAPeiZQ0A 39.255640 -76.956960 152.600000 3 25.562500 800 -29799.781325 29267.206190 66772.508597 0 0 0.663410 0.789631 9.945767 0.001680 -0.006261 0.011301 26.683594
2023-04-25T02:51:34.653621Z 1682391094.653621 60.000000 2250 eziemag AAAAAPeiZQ0A 39.255640 -76.956960 152.600000 3 25.562500 800 -29800.222881 29266.588012 66770.591918 0 0 0.672981 0.797408 9.949955 0.001374 -0.005803 0.011454 26.699219
2023-04-25T02:52:34.6589217Z 1682391154.658922 60.000000 2250 eziemag AAAAAPeiZQ0A 39.255640 -76.956960 152.600000 3 25.562500 800 -29798.675800 29266.385224 66773.110422 0 0 0.666401 0.795614 9.949356 0.001527 -0.005956 0.012065 26.695312
2023-04-25T02:53:34.6821532Z 1682391214.682153 60.000000 2249 eziemag AAAAAPeiZQ0A 39.255640 -76.956960 152.600000 3 25.625000 800 -29797.498318 29266.054874 66770.395671 0 0 0.659821 0.789033 9.951749 0.001833 -0.005651 0.011301 26.652344
2023-04-25T02:54:34.6920881Z 1682391274.692088 60.000000 2250 eziemag AAAAAPeiZQ0A 39.255640 -76.956960 152.600000 3 25.562500 800 -29796.703517 29264.573209 66770.009719 0 0 0.671187 0.787837 9.940981 0.001069 -0.006720 0.010996 26.695312
2023-04-25T02:55:34.71305Z 1682391334.713050 60.000000 2249 eziemag AAAAAPeiZQ0A 39.255640 -76.956960 152.600000 3 25.562500 800 -29799.222021 29266.607637 66771.540446 0 0 0.670589 0.795614 9.947562 0.001527 -0.006109 0.011148 26.671875
2023-04-25T02:56:34.7132936Z 1682391394.713294 60.000000 2250 eziemag AAAAAPeiZQ0A 39.255640 -76.956960 152.600000 3 25.562500 800 -29798.525344 29266.552033 66770.493795 0 0 0.671785 0.795614 9.955937 0.000458 -0.006109 0.011759 26.664062
2023-04-25T02:57:34.7170875Z 1682391454.717088 60.000000 2249 eziemag AAAAAPeiZQ0A 39.255640 -76.956960 152.600000 3 25.562500 800 -29794.714881 29266.758093 66771.906773 0 0 0.660419 0.798605 9.946964 0.000764 -0.006109 0.011759 26.695312
2023-04-25T02:58:34.7377143Z 1682391514.737714 60.000000 2250 eziemag AAAAAPeiZQ0A 39.255640 -76.956960 152.600000 3 25.625000 800 -29793.357506 29267.703349 66770.670417 0 0 0.669990 0.801596 9.948758 0.001833 -0.006261 0.011301 26.675781
2023-04-25T02:59:34.740398Z 1682391574.740398 60.000000 2248 eziemag AAAAAPeiZQ0A 39.255640 -76.956960 152.600000 3 25.562500 800 -29796.468021 29267.994449 66772.384308 0 0 0.668794 0.790828 9.952946 0.001222 -0.006261 0.011912 26.707031
