2023-04-25T05:00:36.2540283Z 1682398836.254028 60.000000 2250 eziemag AAAAAPeiZQ0A 39.255640 -76.956960 152.600000 3 25.687500 800 -29808.213405 29266.702490 66773.077714 0 0 0.664008 0.786042 9.952946 0.001527 -0.006414 0.011301 26.679688
2023-04-25T05:01:36.267773Z 1682398896.267773 60.000000 2249 eziemag AAAAAPeiZQ0A 39.255640 -76.956960 152.600000 3 25.687500 800 -29807.068630 29266.411390 66771.226450 0 0 0.658624 0.787837 9.954740 0.001527 -0.006109 0.012065 26.734375
2023-04-25T05:02:36.2861345Z 1682398956.286134 60.000000 2249 eziemag AAAAAPeiZQ0A 39.255640 -76.956960 152.600000 3 25.562500 800 -29806.371953 29266.561846 66770.513420 0 0 0.672981 0.797408 9.952946 0.001833 -0.006261 0.011148 26.703125
2023-04-25T05:03:36.3057663Z 1682399016.305766 60.000000 2245 eziemag AAAAAPeiZQ0A 39.255640 -76.956960 152.600000 3 25.625000 800 -29806.182248 29267.696808 66770.192883 0 0 0.655633 0.801596 9.952946 0.001680 -0.006109 0.010996 26.742188
2023-04-25T05:04:36.317643Z 1682399076.317643 60.000000 2249 eziemag AAAAAPeiZQ0A 39.255640 -76.956960 152.600000 3 25.687500 800 -29806.247664 29266.705760 66771.357282 0 0 0.656232 0.793819 9.949955 0.001069 -0.005803 0.011606 26.722656
2023-04-25T05:05:36.3370998Z 1682399136.337100 60.000000 2250 eziemag AAAAAPeiZQ0A 39.255640 -76.956960 152.600000 3 25.625000 800 -29807.928846 29267.366459 66772.109562 0 0 0.661615 0.797408 9.949356 0.001374 -0.006109 0.011606 26.765625
2023-04-25T05:06:36.3575833Z 1682399196.357583 60.000000 2250 eziemag AAAAAPeiZQ0A 39.255640 -76.956960 152.600000 3 25.625000 800 -29806.705573 29267.307584 66773.646830 0 0 0.672383 0.798605 9.931410 0.000611 -0.005651 0.011148 26.738281
2023-04-25T05:07:36.3768733Z 1682399256.376873 60.000000 2245 eziemag AAAAAPeiZQ0A 39.255640 -76.956960 152.600000 3 25.625000 800 -29809.453032 29268.740188 66775.805547 0 0 0.674776 0.793819 9.954142 0.000764 -0.005498 0.012065 26.730469
2023-04-25T05:08:36.3974497Z 1682399316.397450 60.000000 2247 eziemag AAAAAPeiZQ0A 39.255640 -76.956960 152.600000 3 25.625000 800 -29809.773568 29269.073808 66776.276540 0 0 0.672383 0.793221 9.948758 0.001374 -0.005956 0.011148 26.710938
2023-04-25T05:09:36.4107263Z 1682399376.410726 60.000000 2250 eziemag AAAAAPeiZQ0A 39.255640 -76.956960 152.600000 3 25.625000 800 -29808.020428 29268.416380 66774.150531 0 0 0.665803 0.796810 9.949955 0.001222 -0.005803 0.011912 26.695312
2023-04-25T05:10:36.4367142Z 1682399436.436714 60.000000 2249 eziemag AAAAAPeiZQ0A 39.255640 -76.956960 152.600000 3 25.625000 800 -29809.083433 29268.344423 66773.967367 0 0 0.669392 0.789033 9.943973 0.001374 -0.005498 0.011454 26.703125
2023-04-25T05:11:36.441952Z 1682399496.441952 60.000000 2247 eziemag AAAAAPeiZQ0A 39.255640 -76.956960 152.600000 3 25.625000 800 -29808.514317 29268.465442 66774.444901 0 0 0.666999 0.780060 9.949356 0.000916 -0.005956 0.011912 26.730469
2023-04-25T05:12:36.4608817Z 1682399556.460882 60.000000 2248 eziemag AAAAAPeiZQ0A 39.255640 -76.956960 152.600000 3 25.625000 800 -29807.693350 29268.687855 66773.921576 0 0 0.665205 0.790828 9.952946 0.001680 -0.006261 0.011301 26.757812
2023-04-25T05:13:36.4676182Z 1682399616.467618 60.000000 2249 eziemag AAAAAPeiZQ0A 39.255640 -76.956960 152.600000 3 25.625000 800 -29808.170884 29267.945387 66773.843077 0 0 0.681356 0.784846 9.951749 0.000611 -0.006109 0.011606 26.703125
2023-04-25T05:14:36.4821541Z 1682399676.482154 60.000000 2250 eziemag AAAAAPeiZQ0A 39.255640 -76.956960 152.600000 3 25.625000 800 -29809.165203 29268.262653 66773.581414 0 0 0.677169 0.793221 9.948758 0.000916 -0.006109 0.011454 26.750000
2023-04-25T05:15:36.4968867Z 1682399736.496887 60.000000 2249 eziemag AAAAAPeiZQ0A 39.255640 -76.956960 152.600000 3 25.625000 800 -29810.702471 29268.442546 66773.339376 0 0 0.678963 0.783649 9.935598 0.000916 -0.006720 0.011606 26.710938
2023-04-25T05:16:36.5214715Z 1682399796.521472 60.000000 2248 eziemag AAAAAPeiZQ0A 39.255640 -76.956960 152.600000 3 25.625000 800 -29810.345955 29268.269195 66774.928977 0 0 0.666999 0.788435 9.934999 0.001069 -0.005803 0.011454 26.718750
2023-04-25T05:17:36.54785Z 1682399856.547850 60.000000 2249 eziemag AAAAAPeiZQ0A 39.255640 -76.956960 152.600000 3 25.625000 800 -29810.290352 29267.700078 66775.831714 0 0 0.672981 0.795614 9.949356 0.001680 -0.006261 0.011454 26.718750
2023-04-25T05:18:36.5735006Z 1682399916.573501 60.000000 2251 eziemag AAAAAPeiZQ0A 39.255640 -76.956960 152.600000 3 25.625000 800 -29809.796464 29267.202919 66771.756317 0 0 0.661017 0.793819 9.943973 0.001374 -0.006414 0.012065 26.726562
2023-04-25T05:19:36.5970004Z 1682399976.597000 60.000000 2247 eziemag AAAAAPeiZQ0A 39.255640 -76.956960 152.600000 3 25.625000 800 -29809.816089 29267.834181 66772.305809 0 0 0.680758 0.790828 9.952946 0.001069 -0.006109 0.010996 26.710938
2023-04-25T05:20:36.6012342Z 1682400036.601234 60.000000 2249 eziemag AAAAAPeiZQ0A 39.255640 -76.956960 152.600000 3 25.625000 800 -29809.080162 29266.846404 66770.107842 0 0 0.661615 0.795614 9.937392 0.000916 -0.005956 0.011454 26.746094
2023-04-25T05:21:36.6015952Z 1682400096.601595 60.000000 2251 eziemag AAAAAPeiZQ0A 39.255640 -76.956960 152.600000 3 25.625000 800 -29808.511046 29266.794071 66770.886289 0 0 0.663410 0.791426 9.955338 0.000916 -0.006872 0.011606 26.750000
2023-04-25T05:22:36.6084077Z 1682400156.608408 60.000000 2251 eziemag AAAAAPeiZQ0A 39.255640 -76.956960 152.600000 3 25.687500 800 -29808.481609 29267.539810 66771.246075 0 0 0.672383 0.786640 9.951151 0.001069 -0.006261 0.011759 26.714844
2023-04-25T05:23:36.6189976Z 1682400216.618998 60.000000 2248 eziemag AAAAAPeiZQ0A 39.255640 -76.956960 152.600000 3 25.625000 800 -29810.744991 29266.905278 66772.292726 0 0 0.663410 0.791426 9.945169 0.000916 -0.005498 0.011606 26.742188
2023-04-25T05:24:36.6225255Z 1682400276.622525 60.000000 2251 eziemag AAAAAPeiZQ0A 39.255640 -76.956960 152.600000 3 25.687500 800 -29808.697481 29266.846404 66773.221628 0 0 0.666999 0.799203 9.943973 0.001374 -0.006261 0.011454 26.769531
2023-04-25T05:25:36.633089Z 1682400336.633089 60.000000 2252 eziemag AAAAAPeiZQ0A 39.255640 -76.956960 152.600000 3 25.687500 800 -29808.978768 29267.726245 66773.816911 0 0 0.677767 0.783051 9.940981 0.001222 -0.006720 0.011912 26.699219
2023-04-25T05:26:36.6557748Z 1682400396.655775 60.000000 2251 eziemag AAAAAPeiZQ0A 39.255640 -76.956960 152.600000 3 25.625000 800 -29805.711255 29267.461311 66772.842217 0 0 0.672981 0.794417 9.951749 0.001527 -0.006414 0.011606 26.742188
2023-04-25T05:27:36.6722865Z 1682400456.672287 60.000000 2247 eziemag AAAAAPeiZQ0A 39.255640 -76.956960 152.600000 3 25.625000 800 -29810.797324 29268.462171 66773.391709 0 0 0.672981 0.795614 9.942178 0.002138 -0.006109 0.011301 26.726562
2023-04-25T05:28:36.6817713Z 1682400516.681771 60.000000 2251 eziemag AAAAAPeiZQ0A 39.255640 -76.956960 152.600000 3 25.687500 800 -29809.116141 29268.812145 66772.691761 0 0 0.663410 0.787239 9.954740 0.001985 -0.005803 0.011301 26.742188
2023-04-25T05:29:36.703721Z 1682400576.703721 60.000000 2251 eziemag AAAAAPeiZQ0A 39.255640 -76.956960 152.600000 3 25.687500 800 -29808.828312 29269.162119 66774.006616 0 0 0.666401 0.795015 9.943374 0.001069 -0.005956 0.011454 26.734375
2023-04-25T05:30:36.7305396Z 1682400636.730540 60.000000 2250 eziemag AAAAAPeiZQ0A 39.255640 -76.956960 152.600000 3 25.625000 800 -29809.852067 29269.273325 66774.438360 0 0 0.661017 0.784846 9.955338 0.001069 -0.005956 0.011606 26.699219
2023-04-25T05:31:36.7438302Z 1682400696.743830 60.000000 2245 eziemag AAAAAPeiZQ0A 39.255640 -76.956960 152.600000 3 25.625000 800 -29810.996841 29269.335470 66773.869243 0 0 0.666999 0.789631 9.948758 0.000916 -0.006567 0.011148 26.718750
2023-04-25T05:32:36.750096Z 1682400756.750096 60.000000 2250 eziemag AAAAAPeiZQ0A 39.255640 -76.956960 152.600000 3 25.625000 800 -29808.403110 29269.381261 66776.008336 0 0 0.671187 0.796212 9.953544 0.001222 -0.006414 0.011301 26.703125
2023-04-25T05:33:36.7528048Z 1682400816.752805 60.000000 2248 eziemag AAAAAPeiZQ0A 39.255640 -76.956960 152.600000 3 25.687500 800 -29810.018877 29269.060724 66773.620664 0 0 0.665205 0.796810 9.948758 0.001222 -0.005498 0.011301 26.742188
2023-04-25T05:34:36.7606597Z 1682400876.760660 60.000000 2250 eziemag AAAAAPeiZQ0A 39.255640 -76.956960 152.600000 3 25.687500 800 -29809.459573 29267.683725 66773.012298 0 0 0.665803 0.791426 9.942776 0.001374 -0.005345 0.012065 26.761719
2023-04-25T05:35:36.7818294Z 1682400936.781829 60.000000 2245 eziemag AAAAAPeiZQ0A 39.255640 -76.956960 152.600000 3 25.687500 800 -29810.960863 29268.426192 66770.644251 0 0 0.669990 0.794417 9.940981 0.000916 -0.005956 0.011148 26.769531
2023-04-25T05:36:36.807146Z 1682400996.807146 60.000000 2248 eziemag AAAAAPeiZQ0A 39.255640 -76.956960 152.600000 3 25.625000 800 -29809.724507 29267.719703 66771.769400 0 0 0.668196 0.787837 9.953544 0.001069 -0.006109 0.011454 26.718750
2023-04-25T05:37:36.8304307Z 1682401056.830431 60.000000 2248 eziemag AAAAAPeiZQ0A 39.255640 -76.956960 152.600000 3 25.625000 800 -29808.802146 29268.753271 66773.797286 0 0 0.662214 0.790230 9.946964 0.001222 -0.005803 0.011606 26.718750
2023-04-25T05:38:36.8522062Z 1682401116.852206 60.000000 2247 eziemag AAAAAPeiZQ0A 39.255640 -76.956960 152.600000 3 25.687500 800 -29812.328050 29267.935575 66774.019699 0 0 0.667598 0.802194 9.948160 0.000916 -0.006261 0.011454 26.734375
2023-04-25T05:39:36.8542461Z 1682401176.854246 60.000000 2249 eziemag AAAAAPeiZQ0A 39.255640 -76.956960 152.600000 3 25.625000 800 -29811.166922 29268.946247 66774.497234 0 0 0.673580 0.795614 9.955937 0.001222 -0.006414 0.011454 26.750000
2023-04-25T05:40:36.8725648Z 1682401236.872565 60.000000 2248 eziemag AAAAAPeiZQ0A 39.255640 -76.956960 152.600000 3 25.625000 800 -29809.243701 29266.709031 66772.096479 0 0 0.677767 0.798006 9.946964 0.001374 -0.006109 0.011606 26.699219
2023-04-25T05:41:36.8777604Z 1682401296.877760 60.000000 2248 eziemag AAAAAPeiZQ0A 39.255640 -76.956960 152.600000 3 25.687500 800 -29810.545473 29268.808874 66775.969086 0 0 0.673580 0.799801 9.947562 0.001069 -0.006261 0.011301 26.750000
2023-04-25T05:42:36.8847754Z 1682401356.884775 60.000000 2249 eziemag AAAAAPeiZQ0A 39.255640 -76.956960 152.600000 3 25.625000 800 -29809.302576 29267.412250 66774.778521 0 0 0.678963 0.784846 9.942776 0.001069 -0.005651 0.011148 26.703125
2023-04-25T05:43:36.8920543Z 1682401416.892054 60.000000 2247 eziemag AAAAAPeiZQ0A 39.255640 -76.956960 152.600000 3 25.625000 800 -29812.243010 29269.996169 66774.556108 0 0 0.665205 0.786640 9.952347 0.001680 -0.006414 0.011606 26.710938
2023-04-25T05:44:36.9230587Z 1682401476.923059 60.000000 2250 eziemag AAAAAPeiZQ0A 39.255640 -76.956960 152.600000 3 25.625000 800 -29810.022148 29268.815416 66773.208545 0 0 0.671187 0.790828 9.949356 0.000458 -0.005956 0.011454 26.710938
2023-04-25T05:45:36.9245837Z 1682401536.924584 60.000000 2249 eziemag AAAAAPeiZQ0A 39.255640 -76.956960 152.600000 3 25.625000 800 -29809.371262 29268.458900 66772.600179 0 0 0.672383 0.789033 9.946365 0.001222 -0.007025 0.011606 26.714844
2023-04-25T05:46:36.9495893Z 1682401596.949589 60.000000 2249 eziemag AAAAAPeiZQ0A 39.255640 -76.956960 152.600000 3 25.625000 800 -29809.583863 29268.445817 66773.941201 0 0 0.661615 0.801596 9.943973 -0.000153 -0.005498 0.011301 26.742188
2023-04-25T05:47:36.9544058Z 1682401656.954406 60.000000 2248 eziemag AAAAAPeiZQ0A 39.255640 -76.956960 152.600000 3 25.687500 800 -29812.197219 29268.992038 66774.961685 0 0 0.663410 0.787837 9.939187 0.001069 -0.005803 0.011606 26.757812
2023-04-25T05:48:36.9595647Z 1682401716.959565 60.000000 2249 eziemag AAAAAPeiZQ0A 39.255640 -76.956960 152.600000 3 25.687500 800 -29811.085153 29268.462171 66773.574873 0 0 0.663410 0.787837 9.954740 0.000305 -0.006567 0.011759 26.699219
2023-04-25T05:49:36.9698815Z 1682401776.969882 60.000000 2249 eziemag AAAAAPeiZQ0A 39.255640 -76.956960 152.600000 3 25.625000 800 -29809.999252 29268.288820 66772.632887 0 0 0.672383 0.793221 9.949356 0.001222 -0.005803 0.011454 26.750000
2023-04-25T05:50:36.9792573Z 1682401836.979257 60.000000 2250 eziemag AAAAAPeiZQ0A 39.255640 -76.956960 152.600000 3 25.625000 800 -29809.793193 29267.422062 66772.639429 0 0 0.673580 0.793819 9.940383 0.001833 -0.006261 0.011148 26.742188
2023-04-25T05:51:36.9805763Z 1682401896.980576 60.000000 2249 eziemag AAAAAPeiZQ0A 39.255640 -76.956960 152.600000 3 25.625000 800 -29812.416361 29268.521045 66773.529082 0 0 0.668196 0.789033 9.945767 0.000764 -0.006414 0.011454 26.742188
2023-04-25T05:52:36.9958198Z 1682401956.995820 60.000000 2250 eziemag AAAAAPeiZQ0A 39.255640 -76.956960 152.600000 3 25.687500 800 -29808.517587 29269.070537 66774.242113 0 0 0.656830 0.779462 9.958329 0.001374 -0.006720 0.011454 26.742188
2023-04-25T05:53:37.0098464Z 1682402017.009846 60.000000 2250 eziemag AAAAAPeiZQ0A 39.255640 -76.956960 152.600000 3 25.687500 800 -29809.119412 29268.148176 66772.842217 0 0 0.675374 0.791426 9.946964 0.001833 -0.006567 0.011606 26.699219
2023-04-25T05:54:37.0307522Z 1682402077.030752 60.000000 2251 eziemag AAAAAPeiZQ0A 39.255640 -76.956960 152.600000 3 25.625000 800 -29808.321340 29267.912679 66773.718787 0 0 0.669990 0.788435 9.949356 0.001069 -0.006414 0.012065 26.738281
2023-04-25T05:55:37.0367732Z 1682402137.036773 60.000000 2246 eziemag AAAAAPeiZQ0A 39.255640 -76.956960 152.600000 3 25.687500 800 -29808.337694 29268.341152 66772.338517 0 0 0.659821 0.790828 9.943973 0.001374 -0.005498 0.010996 26.722656
2023-04-25T05:56:37.0601337Z 1682402197.060134 60.000000 2251 eziemag AAAAAPeiZQ0A 39.255640 -76.956960 152.600000 3 25.687500 800 -29806.286913 29267.490748 66771.514279 0 0 0.662812 0.789631 9.943973 0.001069 -0.006109 0.011454 26.726562
2023-04-25T05:57:37.0817454Z 1682402257.081745 60.000000 2249 eziemag AAAAAPeiZQ0A 39.255640 -76.956960 152.600000 3 25.625000 800 -29808.295174 29269.129411 66771.730151 0 0 0.677169 0.784248 9.945767 0.001069 -0.006109 0.011606 26.738281
2023-04-25T05:58:37.092672Z 1682402317.092672 60.000000 2251 eziemag AAAAAPeiZQ0A 39.255640 -76.956960 152.600000 3 25.687500 800 -29808.017158 29268.867748 66772.233852 0 0 0.657428 0.797408 9.946964 0.001527 -0.005498 0.011454 26.738281
2023-04-25T05:59:37.1151106Z 1682402377.115111 60.000000 2247 eziemag AAAAAPeiZQ0A 39.255640 -76.956960 152.600000 3 25.687500 800 -29809.982898 29269.443406 66773.725329 0 0 0.677169 0.789631 9.951749 0.001069 -0.006261 0.011148 26.742188
