2023-04-25T04:00:35.5086067Z 1682395235.508607 60.000000 2251 eziemag AAAAAPeiZQ0A 39.255640 -76.956960 152.600000 3 25.687500 800 -29802.875486 29269.253701 66773.090797 0 0 0.668794 0.782453 9.954142 0.001527 -0.005651 0.011606 26.703125
2023-04-25T04:01:35.5088787Z 1682395295.508879 60.000000 2251 eziemag AAAAAPeiZQ0A 39.255640 -76.956960 152.600000 3 25.625000 800 -29800.968619 29268.661689 66770.801249 0 0 0.671785 0.793221 9.948160 0.001680 -0.007178 0.010996 26.710938
2023-04-25T04:02:35.5178483Z 1682395355.517848 60.000000 2251 eziemag AAAAAPeiZQ0A 39.255640 -76.956960 152.600000 3 25.625000 800 -29800.821434 29267.827639 66769.558351 0 0 0.661017 0.788435 9.946964 0.001222 -0.005803 0.010996 26.734375
2023-04-25T04:03:35.5182183Z 1682395415.518218 60.000000 2248 eziemag AAAAAPeiZQ0A 39.255640 -76.956960 152.600000 3 25.625000 800 -29800.157465 29267.929033 66769.296688 0 0 0.662214 0.795614 9.951151 0.001527 -0.005956 0.011148 26.679688
2023-04-25T04:04:35.532127Z 1682395475.532127 60.000000 2251 eziemag AAAAAPeiZQ0A 39.255640 -76.956960 152.600000 3 25.625000 800 -29799.349581 29268.125280 66769.721890 0 0 0.664606 0.799203 9.955937 0.000916 -0.005651 0.011301 26.664062
2023-04-25T04:05:35.5465965Z 1682395535.546597 60.000000 2250 eziemag AAAAAPeiZQ0A 39.255640 -76.956960 152.600000 3 25.625000 800 -29800.919557 29267.343563 66768.851862 0 0 0.672383 0.797408 9.945767 0.000764 -0.005956 0.011301 26.703125
2023-04-25T04:06:35.5483255Z 1682395595.548326 60.000000 2251 eziemag AAAAAPeiZQ0A 39.255640 -76.956960 152.600000 3 25.625000 800 -29800.101862 29268.517774 66770.657334 0 0 0.663410 0.787239 9.949356 0.000916 -0.005803 0.011606 26.691406
2023-04-25T04:07:35.5573263Z 1682395655.557326 60.000000 2250 eziemag AAAAAPeiZQ0A 39.255640 -76.956960 152.600000 3 25.625000 800 -29802.895111 29268.419651 66770.441462 0 0 0.659821 0.795015 9.948160 0.001527 -0.006720 0.011148 26.734375
2023-04-25T04:08:35.5600822Z 1682395715.560082 60.000000 2246 eziemag AAAAAPeiZQ0A 39.255640 -76.956960 152.600000 3 25.625000 800 -29801.066743 29267.399166 66770.160175 0 0 0.663410 0.787239 9.943973 0.001374 -0.005498 0.012217 26.667969
2023-04-25T04:09:35.569615Z 1682395775.569615 60.000000 2249 eziemag AAAAAPeiZQ0A 39.255640 -76.956960 152.600000 3 25.687500 800 -29800.739664 29267.251981 66768.982693 0 0 0.684347 0.786640 9.949356 0.001374 -0.006109 0.011148 26.695312
2023-04-25T04:10:35.5801907Z 1682395835.580191 60.000000 2251 eziemag AAAAAPeiZQ0A 39.255640 -76.956960 152.600000 3 25.625000 800 -29801.524652 29267.657558 66771.200284 0 0 0.684945 0.796810 9.942776 0.001069 -0.006261 0.011759 26.687500
2023-04-25T04:11:35.6025944Z 1682395895.602594 60.000000 2249 eziemag AAAAAPeiZQ0A 39.255640 -76.956960 152.600000 3 25.625000 800 -29803.866533 29267.752411 66768.707947 0 0 0.672981 0.783649 9.944571 0.001527 -0.006261 0.011454 26.734375
2023-04-25T04:12:35.622369Z 1682395955.622369 60.000000 2250 eziemag AAAAAPeiZQ0A 39.255640 -76.956960 152.600000 3 25.625000 800 -29801.259719 29267.238898 66771.174118 0 0 0.672981 0.795614 9.937392 0.001374 -0.006109 0.011148 26.710938
2023-04-25T04:13:35.6230547Z 1682396015.623055 60.000000 2250 eziemag AAAAAPeiZQ0A 39.255640 -76.956960 152.600000 3 25.687500 800 -29800.955536 29267.072088 66768.963068 0 0 0.677169 0.796810 9.950553 0.001374 -0.005956 0.011454 26.734375
2023-04-25T04:14:35.6467514Z 1682396075.646751 60.000000 2249 eziemag AAAAAPeiZQ0A 39.255640 -76.956960 152.600000 3 25.687500 800 -29801.380738 29267.140775 66772.318892 0 0 0.671187 0.788435 9.949955 0.000764 -0.005956 0.010843 26.675781
2023-04-25T04:15:35.6487284Z 1682396135.648728 60.000000 2249 eziemag AAAAAPeiZQ0A 39.255640 -76.956960 152.600000 3 25.625000 800 -29804.507607 29268.615898 66771.396531 0 0 0.670589 0.782453 9.940383 0.000916 -0.005345 0.011759 26.707031
2023-04-25T04:16:35.666162Z 1682396195.666162 60.000000 2251 eziemag AAAAAPeiZQ0A 39.255640 -76.956960 152.600000 3 25.625000 800 -29804.046426 29267.317397 66771.376906 0 0 0.668196 0.800997 9.956535 0.000611 -0.005345 0.011301 26.695312
2023-04-25T04:17:35.6815736Z 1682396255.681574 60.000000 2247 eziemag AAAAAPeiZQ0A 39.255640 -76.956960 152.600000 3 25.625000 800 -29804.772540 29267.392625 66771.965647 0 0 0.669392 0.793221 9.953544 0.001527 -0.005651 0.011301 26.679688
2023-04-25T04:18:35.6962974Z 1682396315.696297 60.000000 2250 eziemag AAAAAPeiZQ0A 39.255640 -76.956960 152.600000 3 25.625000 800 -29803.258168 29267.330480 66772.253476 0 0 0.667598 0.796810 9.945767 0.000611 -0.005803 0.011301 26.710938
2023-04-25T04:19:35.7180343Z 1682396375.718034 60.000000 2248 eziemag AAAAAPeiZQ0A 39.255640 -76.956960 152.600000 3 25.625000 800 -29805.227179 29268.668230 66771.985272 0 0 0.670589 0.793819 9.948160 0.001069 -0.005651 0.011606 26.726562
2023-04-25T04:20:35.72704Z 1682396435.727040 60.000000 2248 eziemag AAAAAPeiZQ0A 39.255640 -76.956960 152.600000 3 25.625000 800 -29802.368515 29267.091713 66771.815191 0 0 0.657428 0.800399 9.946964 0.001833 -0.006567 0.010996 26.691406
2023-04-25T04:21:35.7313886Z 1682396495.731389 60.000000 2250 eziemag AAAAAPeiZQ0A 39.255640 -76.956960 152.600000 3 25.625000 800 -29803.879616 29267.631392 66773.653372 0 0 0.658026 0.801596 9.956535 0.000916 -0.005803 0.011454 26.675781
2023-04-25T04:22:35.7565253Z 1682396555.756525 60.000000 2248 eziemag AAAAAPeiZQ0A 39.255640 -76.956960 152.600000 3 25.625000 800 -29803.313771 29267.965012 66772.279643 0 0 0.671187 0.800997 9.952946 0.001527 -0.006414 0.011454 26.679688
2023-04-25T04:23:35.7646801Z 1682396615.764680 60.000000 2244 eziemag AAAAAPeiZQ0A 39.255640 -76.956960 152.600000 3 25.625000 800 -29802.443743 29267.565976 66771.363823 0 0 0.671785 0.786042 9.954740 0.000611 -0.006567 0.011454 26.679688
2023-04-25T04:24:35.7747118Z 1682396675.774712 60.000000 2247 eziemag AAAAAPeiZQ0A 39.255640 -76.956960 152.600000 3 25.625000 800 -29803.323583 29266.807155 66771.527362 0 0 0.668196 0.790230 9.951151 0.001069 -0.006261 0.011148 26.664062
2023-04-25T04:25:35.7832885Z 1682396735.783288 60.000000 2249 eziemag AAAAAPeiZQ0A 39.255640 -76.956960 152.600000 3 25.625000 800 -29801.374196 29266.689406 66771.344199 0 0 0.665205 0.792622 9.945767 0.001374 -0.006109 0.011606 26.679688
2023-04-25T04:26:35.7973645Z 1682396795.797364 60.000000 2250 eziemag AAAAAPeiZQ0A 39.255640 -76.956960 152.600000 3 25.625000 800 -29802.492804 29266.476805 66768.969610 0 0 0.666999 0.788435 9.954740 0.001069 -0.006109 0.011454 26.746094
2023-04-25T04:27:35.8079882Z 1682396855.807988 60.000000 2249 eziemag AAAAAPeiZQ0A 39.255640 -76.956960 152.600000 3 25.625000 800 -29801.616234 29267.212732 66771.252617 0 0 0.657428 0.789033 9.957731 0.000764 -0.005956 0.011148 26.710938
2023-04-25T04:28:35.8297677Z 1682396915.829768 60.000000 2226 eziemag AAAAAPeiZQ0A 39.255640 -76.956960 152.600000 3 25.625000 800 -29801.485403 29266.620720 66771.095619 0 0 0.659223 0.791426 9.942178 0.001222 -0.006261 0.011759 26.734375
2023-04-25T04:29:35.8434145Z 1682396975.843415 60.000000 2250 eziemag AAAAAPeiZQ0A 39.255640 -76.956960 152.600000 3 25.625000 800 -29801.626047 29266.117019 66769.977011 0 0 0.668196 0.794417 9.936794 0.001069 -0.006261 0.011912 26.695312
2023-04-25T04:30:35.86921Z 1682397035.869210 60.000000 2249 eziemag AAAAAPeiZQ0A 39.255640 -76.956960 152.600000 3 25.625000 800 -29803.163315 29266.211872 66771.219909 0 0 0.671785 0.791426 9.946964 0.000916 -0.006109 0.011454 26.671875
2023-04-25T04:31:35.890343Z 1682397095.890343 60.000000 2249 eziemag AAAAAPeiZQ0A 39.255640 -76.956960 152.600000 3 25.625000 800 -29803.948303 29267.222544 66772.129187 0 0 0.668794 0.780060 9.949356 0.000764 -0.006261 0.011606 26.675781
2023-04-25T04:32:35.8977087Z 1682397155.897709 60.000000 2249 eziemag AAAAAPeiZQ0A 39.255640 -76.956960 152.600000 3 25.625000 800 -29804.030073 29267.013214 66771.860982 0 0 0.678365 0.801596 9.955937 0.001374 -0.005956 0.011454 26.679688
2023-04-25T04:33:35.9159563Z 1682397215.915956 60.000000 2247 eziemag AAAAAPeiZQ0A 39.255640 -76.956960 152.600000 3 25.625000 800 -29803.428248 29267.968283 66771.959106 0 0 0.671187 0.795015 9.957731 0.001374 -0.006567 0.010996 26.718750
2023-04-25T04:34:35.926595Z 1682397275.926595 60.000000 2248 eziemag AAAAAPeiZQ0A 39.255640 -76.956960 152.600000 3 25.625000 800 -29803.545997 29266.993589 66770.990954 0 0 0.672383 0.777667 9.961919 0.001069 -0.005651 0.010996 26.695312
2023-04-25T04:35:35.9321308Z 1682397335.932131 60.000000 2246 eziemag AAAAAPeiZQ0A 39.255640 -76.956960 152.600000 3 25.625000 800 -29803.163315 29266.780988 66770.291006 0 0 0.667598 0.788435 9.946964 0.001069 -0.005956 0.011148 26.695312
2023-04-25T04:36:35.9391387Z 1682397395.939139 60.000000 2246 eziemag AAAAAPeiZQ0A 39.255640 -76.956960 152.600000 3 25.687500 800 -29805.246804 29267.392625 66773.378626 0 0 0.678963 0.782453 9.942178 0.001527 -0.006109 0.010996 26.703125
2023-04-25T04:37:35.9408326Z 1682397455.940833 60.000000 2250 eziemag AAAAAPeiZQ0A 39.255640 -76.956960 152.600000 3 25.625000 800 -29802.819883 29268.086031 66769.970469 0 0 0.668196 0.793221 9.954142 0.001527 -0.006567 0.011759 26.687500
2023-04-25T04:38:35.957998Z 1682397515.957998 60.000000 2246 eziemag AAAAAPeiZQ0A 39.255640 -76.956960 152.600000 3 25.687500 800 -29804.664605 29267.467853 66768.511700 0 0 0.671785 0.791426 9.948758 0.001374 -0.006567 0.011759 26.691406
2023-04-25T04:39:35.9820256Z 1682397575.982026 60.000000 2245 eziemag AAAAAPeiZQ0A 39.255640 -76.956960 152.600000 3 25.625000 800 -29804.890289 29267.552893 66769.532185 0 0 0.671187 0.791426 9.943374 0.001069 -0.006261 0.011148 26.742188
2023-04-25T04:40:36.0002935Z 1682397636.000293 60.000000 2249 eziemag AAAAAPeiZQ0A 39.255640 -76.956960 152.600000 3 25.625000 800 -29803.369374 29266.633803 66769.257439 0 0 0.665205 0.784248 9.948758 0.001069 -0.006261 0.011759 26.714844
2023-04-25T04:41:36.0056252Z 1682397696.005625 60.000000 2250 eziemag AAAAAPeiZQ0A 39.255640 -76.956960 152.600000 3 25.625000 800 -29804.985141 29266.375411 66770.637709 0 0 0.661615 0.788435 9.948160 0.001374 -0.005956 0.010690 26.746094
2023-04-25T04:42:36.029573Z 1682397756.029573 60.000000 2250 eziemag AAAAAPeiZQ0A 39.255640 -76.956960 152.600000 3 25.625000 800 -29805.413614 29267.117879 66772.044146 0 0 0.667598 0.794417 9.948160 0.000916 -0.006109 0.011606 26.687500
2023-04-25T04:43:36.0453417Z 1682397816.045342 60.000000 2244 eziemag AAAAAPeiZQ0A 39.255640 -76.956960 152.600000 3 25.625000 800 -29805.021120 29267.716432 66772.802968 0 0 0.671785 0.785444 9.944571 0.000916 -0.006567 0.010996 26.750000
2023-04-25T04:44:36.0494394Z 1682397876.049439 60.000000 2250 eziemag AAAAAPeiZQ0A 39.255640 -76.956960 152.600000 3 25.625000 800 -29804.779082 29267.791660 66773.581414 0 0 0.671187 0.786640 9.952946 0.000611 -0.005803 0.011301 26.746094
2023-04-25T04:45:36.073002Z 1682397936.073002 60.000000 2249 eziemag AAAAAPeiZQ0A 39.255640 -76.956960 152.600000 3 25.687500 800 -29806.103749 29266.800613 66772.214227 0 0 0.668794 0.792024 9.947562 0.001222 -0.006109 0.011301 26.722656
2023-04-25T04:46:36.075702Z 1682397996.075702 60.000000 2251 eziemag AAAAAPeiZQ0A 39.255640 -76.956960 152.600000 3 25.625000 800 -29807.212545 29266.270746 66772.515139 0 0 0.673580 0.796212 9.944571 0.001222 -0.006261 0.011148 26.722656
2023-04-25T04:47:36.0927746Z 1682398056.092775 60.000000 2247 eziemag AAAAAPeiZQ0A 39.255640 -76.956960 152.600000 3 25.562500 800 -29806.221497 29267.091713 66770.369505 0 0 0.673580 0.792024 9.946964 0.001222 -0.006567 0.011606 26.718750
2023-04-25T04:48:36.1159053Z 1682398116.115905 60.000000 2249 eziemag AAAAAPeiZQ0A 39.255640 -76.956960 152.600000 3 25.625000 800 -29805.757046 29266.238038 66769.918137 0 0 0.667598 0.788435 9.949955 0.001222 -0.005498 0.011454 26.679688
2023-04-25T04:49:36.1172862Z 1682398176.117286 60.000000 2250 eziemag AAAAAPeiZQ0A 39.255640 -76.956960 152.600000 3 25.625000 800 -29805.878065 29267.808014 66772.861842 0 0 0.666999 0.786042 9.930812 0.001222 -0.006567 0.011148 26.734375
2023-04-25T04:50:36.1266Z 1682398236.126600 60.000000 2250 eziemag AAAAAPeiZQ0A 39.255640 -76.956960 152.600000 3 25.625000 800 -29806.587825 29266.973965 66771.658194 0 0 0.661615 0.789033 9.950553 0.001527 -0.006414 0.011759 26.691406
2023-04-25T04:51:36.1475914Z 1682398296.147591 60.000000 2250 eziemag AAAAAPeiZQ0A 39.255640 -76.956960 152.600000 3 25.625000 800 -29807.071901 29267.595413 66773.450583 0 0 0.659821 0.798006 9.943374 0.001527 -0.005956 0.011301 26.667969
2023-04-25T04:52:36.1491673Z 1682398356.149167 60.000000 2250 eziemag AAAAAPeiZQ0A 39.255640 -76.956960 152.600000 3 25.687500 800 -29804.105301 29267.072088 66772.050688 0 0 0.678365 0.783649 9.949955 0.000916 -0.005803 0.011148 26.726562
2023-04-25T04:53:36.1629162Z 1682398416.162916 60.000000 2249 eziemag AAAAAPeiZQ0A 39.255640 -76.956960 152.600000 3 25.687500 800 -29806.172436 29266.709031 66771.429239 0 0 0.666999 0.798006 9.956535 0.001222 -0.006414 0.011454 26.695312
2023-04-25T04:54:36.1725Z 1682398476.172500 60.000000 2249 eziemag AAAAAPeiZQ0A 39.255640 -76.956960 152.600000 3 25.687500 800 -29806.528951 29267.598684 66772.678678 0 0 0.671187 0.793819 9.933803 0.001680 -0.006872 0.011606 26.695312
2023-04-25T04:55:36.1953654Z 1682398536.195365 60.000000 2249 eziemag AAAAAPeiZQ0A 39.255640 -76.956960 152.600000 3 25.625000 800 -29809.737590 29267.912679 66772.109562 0 0 0.674178 0.793221 9.951151 0.001222 -0.006261 0.012065 26.746094
2023-04-25T04:56:36.1963794Z 1682398596.196379 60.000000 2251 eziemag AAAAAPeiZQ0A 39.255640 -76.956960 152.600000 3 25.625000 800 -29807.660642 29267.052463 66771.337657 0 0 0.670589 0.785444 9.942178 0.001069 -0.006109 0.011301 26.726562
2023-04-25T04:57:36.221202Z 1682398656.221202 60.000000 2249 eziemag AAAAAPeiZQ0A 39.255640 -76.956960 152.600000 3 25.625000 800 -29806.214956 29267.677183 66772.783343 0 0 0.669392 0.798006 9.950553 0.001374 -0.006414 0.011759 26.691406
2023-04-25T04:58:36.2300105Z 1682398716.230011 60.000000 2248 eziemag AAAAAPeiZQ0A 39.255640 -76.956960 152.600000 3 25.625000 800 -29806.551847 29266.767905 66770.421838 0 0 0.669392 0.789033 9.960124 0.000764 -0.006414 0.011148 26.742188
2023-04-25T04:59:36.2324615Z 1682398776.232461 60.000000 2247 eziemag AAAAAPeiZQ0A 39.255640 -76.956960 152.600000 3 25.625000 800 -29806.692490 29267.193107 66771.501196 0 0 0.662214 0.799801 9.945767 0.001069 -0.005651 0.011301 26.726562
