2023-04-25T01:00:33.1447408Z 1682384433.144741 60.000000 2250 eziemag AAAAAPeiZQ0A 39.255640 -76.956960 152.600000 3 25.500000 800 -29791.790801 29267.762223 66775.014018 0 0 0.663410 0.799801 9.948758 0.000305 -0.005803 0.011606 26.597656
2023-04-25T01:01:33.1501007Z 1682384493.150101 60.000000 2250 eziemag AAAAAPeiZQ0A 39.255640 -76.956960 152.600000 3 25.500000 800 -29791.777718 29268.167801 66773.784203 0 0 0.665205 0.788435 9.952946 0.001069 -0.006261 0.010843 26.597656
2023-04-25T01:02:33.1690855Z 1682384553.169086 60.000000 2244 eziemag AAAAAPeiZQ0A 39.255640 -76.956960 152.600000 3 25.500000 800 -29791.264205 29267.791660 66774.150531 0 0 0.671785 0.786640 9.952946 0.001527 -0.005803 0.011148 26.585938
2023-04-25T01:03:33.189549Z 1682384613.189549 60.000000 2248 eziemag AAAAAPeiZQ0A 39.255640 -76.956960 152.600000 3 25.500000 800 -29792.438416 29268.243029 66772.999215 0 0 0.679562 0.793221 9.954142 0.001222 -0.006109 0.011454 26.574219
2023-04-25T01:04:33.2086828Z 1682384673.208683 60.000000 2251 eziemag AAAAAPeiZQ0A 39.255640 -76.956960 152.600000 3 25.562500 800 -29791.041791 29269.113057 66774.170156 0 0 0.678365 0.780658 9.952347 0.000611 -0.005345 0.011454 26.582031
2023-04-25T01:05:33.2244225Z 1682384733.224422 60.000000 2249 eziemag AAAAAPeiZQ0A 39.255640 -76.956960 152.600000 3 25.500000 800 -29791.306725 29267.091713 66772.672137 0 0 0.667598 0.795015 9.955338 0.000764 -0.006261 0.011301 26.593750
2023-04-25T01:06:33.245433Z 1682384793.245433 60.000000 2250 eziemag AAAAAPeiZQ0A 39.255640 -76.956960 152.600000 3 25.500000 800 -29793.995309 29267.798202 66774.189780 0 0 0.676571 0.780658 9.948160 0.001069 -0.006720 0.011148 26.605469
2023-04-25T01:07:33.2674978Z 1682384853.267498 60.000000 2246 eziemag AAAAAPeiZQ0A 39.255640 -76.956960 152.600000 3 25.500000 800 -29794.521905 29268.524316 66773.986992 0 0 0.677767 0.790828 9.950553 0.001374 -0.005498 0.011912 26.613281
2023-04-25T01:08:33.2736797Z 1682384913.273680 60.000000 2250 eziemag AAAAAPeiZQ0A 39.255640 -76.956960 152.600000 3 25.500000 800 -29795.607805 29268.857936 66772.698303 0 0 0.661615 0.793819 9.949356 0.001069 -0.006109 0.011148 26.582031
2023-04-25T01:09:33.2879362Z 1682384973.287936 60.000000 2249 eziemag AAAAAPeiZQ0A 39.255640 -76.956960 152.600000 3 25.500000 800 -29793.982226 29267.552893 66773.025381 0 0 0.664606 0.790230 9.951151 0.000458 -0.005956 0.011454 26.601562
2023-04-25T01:10:33.2982469Z 1682385033.298247 60.000000 2250 eziemag AAAAAPeiZQ0A 39.255640 -76.956960 152.600000 3 25.500000 800 -29794.312575 29267.248710 66773.888868 0 0 0.665205 0.795015 9.941580 0.001222 -0.006109 0.011454 26.609375
2023-04-25T01:11:33.3142738Z 1682385093.314274 60.000000 2251 eziemag AAAAAPeiZQ0A 39.255640 -76.956960 152.600000 3 25.500000 800 -29795.064855 29267.019756 66771.874065 0 0 0.672981 0.792622 9.943374 0.001527 -0.006720 0.011301 26.632812
2023-04-25T01:12:33.3307495Z 1682385153.330750 60.000000 2248 eziemag AAAAAPeiZQ0A 39.255640 -76.956960 152.600000 3 25.500000 800 -29794.744318 29267.624850 66773.875785 0 0 0.666999 0.786042 9.945169 0.000458 -0.006567 0.011301 26.621094
2023-04-25T01:13:33.3339212Z 1682385213.333921 60.000000 2248 eziemag AAAAAPeiZQ0A 39.255640 -76.956960 152.600000 3 25.500000 800 -29794.312575 29267.749140 66772.358141 0 0 0.680758 0.792622 9.957731 0.001374 -0.006261 0.011301 26.621094
2023-04-25T01:14:33.347123Z 1682385273.347123 60.000000 2247 eziemag AAAAAPeiZQ0A 39.255640 -76.956960 152.600000 3 25.500000 800 -29794.093432 29268.370589 66773.273961 0 0 0.671187 0.783051 9.950553 0.001069 -0.006261 0.011301 26.601562
2023-04-25T01:15:33.3636506Z 1682385333.363651 60.000000 2249 eziemag AAAAAPeiZQ0A 39.255640 -76.956960 152.600000 3 25.500000 800 -29794.721423 29267.346834 66771.671277 0 0 0.668196 0.809970 9.939187 0.000458 -0.005345 0.011759 26.632812
2023-04-25T01:16:33.3855524Z 1682385393.385552 60.000000 2247 eziemag AAAAAPeiZQ0A 39.255640 -76.956960 152.600000 3 25.500000 800 -29794.005121 29267.690266 66773.391709 0 0 0.671187 0.795614 9.943374 0.000458 -0.005956 0.011301 26.601562
2023-04-25T01:17:33.3932672Z 1682385453.393267 60.000000 2249 eziemag AAAAAPeiZQ0A 39.255640 -76.956960 152.600000 3 25.562500 800 -29794.394344 29267.670641 66774.248654 0 0 0.666401 0.800399 9.955937 0.001222 -0.006414 0.010996 26.648438
2023-04-25T01:18:33.4039247Z 1682385513.403925 60.000000 2247 eziemag AAAAAPeiZQ0A 39.255640 -76.956960 152.600000 3 25.500000 800 -29794.358366 29267.081900 66772.888008 0 0 0.666999 0.799801 9.948758 0.001680 -0.006261 0.011759 26.664062
2023-04-25T01:19:33.4201577Z 1682385573.420158 60.000000 2245 eziemag AAAAAPeiZQ0A 39.255640 -76.956960 152.600000 3 25.500000 800 -29795.692845 29266.712302 66770.506878 0 0 0.671187 0.790828 9.959526 0.001680 -0.006109 0.011301 26.609375
2023-04-25T01:20:33.4265883Z 1682385633.426588 60.000000 2251 eziemag AAAAAPeiZQ0A 39.255640 -76.956960 152.600000 3 25.500000 800 -29795.251290 29267.202919 66772.462807 0 0 0.671187 0.799801 9.946964 0.001374 -0.006261 0.011606 26.636719
2023-04-25T01:21:33.443657Z 1682385693.443657 60.000000 2246 eziemag AAAAAPeiZQ0A 39.255640 -76.956960 152.600000 3 25.562500 800 -29794.966731 29266.934715 66772.796426 0 0 0.669392 0.796810 9.949356 0.000764 -0.006109 0.011301 26.644531
2023-04-25T01:22:33.4612377Z 1682385753.461238 60.000000 2249 eziemag AAAAAPeiZQ0A 39.255640 -76.956960 152.600000 3 25.500000 800 -29795.696116 29268.200508 66772.822593 0 0 0.663410 0.788435 9.953544 0.000916 -0.005803 0.011454 26.617188
2023-04-25T01:23:33.4636574Z 1682385813.463657 60.000000 2248 eziemag AAAAAPeiZQ0A 39.255640 -76.956960 152.600000 3 25.562500 800 -29794.260242 29268.305173 66775.498094 0 0 0.674178 0.784846 9.952946 0.001069 -0.006261 0.010996 26.625000
2023-04-25T01:24:33.4697344Z 1682385873.469734 60.000000 2251 eziemag AAAAAPeiZQ0A 39.255640 -76.956960 152.600000 3 25.500000 800 -29796.559603 29267.111337 66772.475890 0 0 0.673580 0.787837 9.947562 0.001069 -0.006261 0.011454 26.656250
2023-04-25T01:25:33.4834Z 1682385933.483400 60.000000 2250 eziemag AAAAAPeiZQ0A 39.255640 -76.956960 152.600000 3 25.500000 800 -29796.579228 29265.910960 66771.376906 0 0 0.656232 0.793819 9.943973 0.001222 -0.006567 0.011912 26.652344
2023-04-25T01:26:33.484739Z 1682385993.484739 60.000000 2249 eziemag AAAAAPeiZQ0A 39.255640 -76.956960 152.600000 3 25.562500 800 -29796.042819 29265.371281 66771.115244 0 0 0.673580 0.793221 9.944571 0.001374 -0.005956 0.011759 26.648438
2023-04-25T01:27:33.485144Z 1682386053.485144 60.000000 2248 eziemag AAAAAPeiZQ0A 39.255640 -76.956960 152.600000 3 25.500000 800 -29797.867916 29267.569247 66774.562650 0 0 0.673580 0.796212 9.943374 0.001069 -0.005956 0.011759 26.667969
2023-04-25T01:28:33.4974127Z 1682386113.497413 60.000000 2249 eziemag AAAAAPeiZQ0A 39.255640 -76.956960 152.600000 3 25.500000 800 -29797.674940 29266.385224 66773.699163 0 0 0.665803 0.792622 9.947562 0.001527 -0.005956 0.011759 26.628906
2023-04-25T01:29:33.521855Z 1682386173.521855 60.000000 2249 eziemag AAAAAPeiZQ0A 39.255640 -76.956960 152.600000 3 25.500000 800 -29796.857244 29267.111337 66774.255196 0 0 0.662812 0.793819 9.943973 0.001527 -0.006414 0.011606 26.660156
2023-04-25T01:30:33.52351Z 1682386233.523510 60.000000 2249 eziemag AAAAAPeiZQ0A 39.255640 -76.956960 152.600000 3 25.500000 800 -29798.047810 29266.486618 66772.724469 0 0 0.672981 0.789631 9.947562 0.001069 -0.006414 0.011454 26.644531
2023-04-25T01:31:33.5432217Z 1682386293.543222 60.000000 2243 eziemag AAAAAPeiZQ0A 39.255640 -76.956960 152.600000 3 25.500000 800 -29796.628289 29266.552033 66771.985272 0 0 0.668794 0.799801 9.946365 0.000764 -0.006109 0.010996 26.609375
2023-04-25T01:32:33.5464084Z 1682386353.546408 60.000000 2248 eziemag AAAAAPeiZQ0A 39.255640 -76.956960 152.600000 3 25.562500 800 -29796.791829 29267.232356 66774.072032 0 0 0.670589 0.792024 9.951151 0.000916 -0.005956 0.011301 26.601562
2023-04-25T01:33:33.556848Z 1682386413.556848 60.000000 2250 eziemag AAAAAPeiZQ0A 39.255640 -76.956960 152.600000 3 25.500000 800 -29796.402605 29264.563397 66772.351600 0 0 0.668196 0.787239 9.954142 0.000764 -0.005651 0.012065 26.582031
2023-04-25T01:34:33.572327Z 1682386473.572327 60.000000 2249 eziemag AAAAAPeiZQ0A 39.255640 -76.956960 152.600000 3 25.562500 800 -29797.890812 29266.175893 66773.548707 0 0 0.661615 0.796212 9.952946 0.001680 -0.006414 0.011301 26.585938
2023-04-25T01:35:33.5756657Z 1682386533.575666 60.000000 2249 eziemag AAAAAPeiZQ0A 39.255640 -76.956960 152.600000 3 25.500000 800 -29798.819714 29266.767905 66773.574873 0 0 0.657428 0.780658 9.942776 0.001527 -0.006414 0.011454 26.667969
2023-04-25T01:36:33.5936575Z 1682386593.593657 60.000000 2250 eziemag AAAAAPeiZQ0A 39.255640 -76.956960 152.600000 3 25.500000 800 -29796.939014 29265.920772 66773.895410 0 0 0.649053 0.790828 9.943374 0.000764 -0.005803 0.011454 26.625000
2023-04-25T01:37:33.6113603Z 1682386653.611360 60.000000 2249 eziemag AAAAAPeiZQ0A 39.255640 -76.956960 152.600000 3 25.500000 800 -29796.631560 29265.626402 66772.567472 0 0 0.658026 0.790230 9.942178 0.001527 -0.006414 0.011454 26.656250
2023-04-25T01:38:33.627296Z 1682386713.627296 60.000000 2243 eziemag AAAAAPeiZQ0A 39.255640 -76.956960 152.600000 3 25.500000 800 -29796.827807 29265.567528 66772.979590 0 0 0.671187 0.797408 9.943973 0.001222 -0.006872 0.010843 26.632812
2023-04-25T01:39:33.6453445Z 1682386773.645344 60.000000 2249 eziemag AAAAAPeiZQ0A 39.255640 -76.956960 152.600000 3 25.500000 800 -29796.441855 29266.414661 66772.135728 0 0 0.663410 0.787239 9.942776 0.001985 -0.006261 0.011148 26.656250
2023-04-25T01:40:33.6503513Z 1682386833.650351 60.000000 2250 eziemag AAAAAPeiZQ0A 39.255640 -76.956960 152.600000 3 25.500000 800 -29796.602123 29265.874981 66774.327153 0 0 0.654437 0.793221 9.949955 0.001374 -0.006261 0.010996 26.625000
2023-04-25T01:41:33.6547072Z 1682386893.654707 60.000000 2248 eziemag AAAAAPeiZQ0A 39.255640 -76.956960 152.600000 3 25.500000 800 -29795.107375 29264.697499 66772.580555 0 0 0.671187 0.798605 9.946365 0.001374 -0.006261 0.011148 26.648438
2023-04-25T01:42:33.662813Z 1682386953.662813 60.000000 2247 eziemag AAAAAPeiZQ0A 39.255640 -76.956960 152.600000 3 25.500000 800 -29795.077938 29264.965703 66773.378626 0 0 0.672383 0.789033 9.949955 0.001374 -0.005803 0.011454 26.601562
2023-04-25T01:43:33.6747627Z 1682387013.674763 60.000000 2245 eziemag AAAAAPeiZQ0A 39.255640 -76.956960 152.600000 3 25.562500 800 -29794.953648 29264.550314 66772.390849 0 0 0.682553 0.799203 9.948758 0.000764 -0.005803 0.011148 26.636719
2023-04-25T01:44:33.6871643Z 1682387073.687164 60.000000 2250 eziemag AAAAAPeiZQ0A 39.255640 -76.956960 152.600000 3 25.500000 800 -29795.440995 29265.502112 66775.275680 0 0 0.668794 0.784248 9.952347 0.001680 -0.005956 0.011148 26.660156
2023-04-25T01:45:33.709618Z 1682387133.709618 60.000000 2250 eziemag AAAAAPeiZQ0A 39.255640 -76.956960 152.600000 3 25.562500 800 -29795.663408 29266.077770 66776.178417 0 0 0.675374 0.792622 9.946964 0.001069 -0.005956 0.011454 26.644531
2023-04-25T01:46:33.7345088Z 1682387193.734509 60.000000 2249 eziemag AAAAAPeiZQ0A 39.255640 -76.956960 152.600000 3 25.562500 800 -29793.468713 29265.554445 66773.594498 0 0 0.674178 0.786640 9.939187 0.001680 -0.006567 0.011759 26.640625
2023-04-25T01:47:33.7508774Z 1682387253.750877 60.000000 2244 eziemag AAAAAPeiZQ0A 39.255640 -76.956960 152.600000 3 25.562500 800 -29792.009943 29266.352516 66775.426136 0 0 0.674178 0.790828 9.948758 0.001069 -0.006261 0.011454 26.640625
2023-04-25T01:48:33.760966Z 1682387313.760966 60.000000 2250 eziemag AAAAAPeiZQ0A 39.255640 -76.956960 152.600000 3 25.500000 800 -29789.789081 29267.291231 66776.296165 0 0 0.656830 0.789631 9.949955 0.000916 -0.005498 0.011606 26.605469
2023-04-25T01:49:33.784745Z 1682387373.784745 60.000000 2250 eziemag AAAAAPeiZQ0A 39.255640 -76.956960 152.600000 3 25.562500 800 -29795.846572 29267.307584 66773.843077 0 0 0.661615 0.782453 9.946964 0.001527 -0.006567 0.011454 26.605469
2023-04-25T01:50:33.8001935Z 1682387433.800194 60.000000 2251 eziemag AAAAAPeiZQ0A 39.255640 -76.956960 152.600000 3 25.562500 800 -29794.786838 29266.954340 66776.263457 0 0 0.669392 0.781855 9.944571 0.001374 -0.006261 0.011301 26.617188
2023-04-25T01:51:33.8193913Z 1682387493.819391 60.000000 2248 eziemag AAAAAPeiZQ0A 39.255640 -76.956960 152.600000 3 25.562500 800 -29796.068985 29267.242169 66774.785063 0 0 0.661017 0.790828 10.100702 0.001069 -0.005803 0.011759 26.667969
2023-04-25T01:52:33.8233452Z 1682387553.823345 60.000000 2251 eziemag AAAAAPeiZQ0A 39.255640 -76.956960 152.600000 3 25.562500 800 -29795.571826 29267.876701 66775.014018 0 0 0.662214 0.793819 9.949356 0.001222 -0.005803 0.011148 26.621094
2023-04-25T01:53:33.8422186Z 1682387613.842219 60.000000 2250 eziemag AAAAAPeiZQ0A 39.255640 -76.956960 152.600000 3 25.625000 800 -29791.885653 29266.306725 66772.770260 0 0 0.676571 0.793819 9.948160 0.000764 -0.005956 0.011301 26.664062
2023-04-25T01:54:33.8581314Z 1682387673.858131 60.000000 2250 eziemag AAAAAPeiZQ0A 39.255640 -76.956960 152.600000 3 25.562500 800 -29792.677183 29265.943668 66773.587956 0 0 0.682553 0.788435 9.943973 0.001222 -0.006109 0.011148 26.625000
2023-04-25T01:55:33.877422Z 1682387733.877422 60.000000 2249 eziemag AAAAAPeiZQ0A 39.255640 -76.956960 152.600000 3 25.562500 800 -29795.431183 29267.193107 66773.771120 0 0 0.678963 0.806381 9.945169 0.000916 -0.005803 0.011454 26.671875
2023-04-25T01:56:33.893501Z 1682387793.893501 60.000000 2248 eziemag AAAAAPeiZQ0A 39.255640 -76.956960 152.600000 3 25.562500 800 -29796.716601 29266.964152 66774.471068 0 0 0.662812 0.791426 9.949955 0.001069 -0.006109 0.011148 26.675781
2023-04-25T01:57:33.9021165Z 1682387853.902117 60.000000 2247 eziemag AAAAAPeiZQ0A 39.255640 -76.956960 152.600000 3 25.562500 800 -29795.025606 29266.103936 66773.954284 0 0 0.674776 0.784248 9.947562 0.001985 -0.005956 0.011148 26.621094
2023-04-25T01:58:33.9235754Z 1682387913.923575 60.000000 2249 eziemag AAAAAPeiZQ0A 39.255640 -76.956960 152.600000 3 25.562500 800 -29793.400026 29266.002542 66773.823452 0 0 0.669392 0.793221 9.949356 0.001069 -0.006109 0.011759 26.640625
2023-04-25T01:59:33.9484348Z 1682387973.948435 60.000000 2247 eziemag AAAAAPeiZQ0A 39.255640 -76.956960 152.600000 3 25.562500 800 -29795.316705 29266.584741 66772.704844 0 0 0.668794 0.781855 9.946964 0.001069 -0.005651 0.011301 26.644531
