2023-04-25T14:00:43.58083Z 1682431243.580830 60.000000 2247 eziemag AAAAAPeiZQ0A 39.255640 -76.956960 152.600000 3 24.500000 800 -29520.289605 29012.752318 66060.439406 0 0 0.687338 0.794417 9.951749 0.001680 -0.005956 0.011301 25.671875
2023-04-25T14:01:43.5871727Z 1682431303.587173 60.000000 2245 eziemag AAAAAPeiZQ0A 39.255640 -76.956960 152.600000 3 24.562500 800 -29522.971647 29011.964059 66061.073938 0 0 0.677169 0.795614 9.952347 0.000611 -0.006261 0.011301 25.695312
2023-04-25T14:02:43.6125073Z 1682431363.612507 60.000000 2249 eziemag AAAAAPeiZQ0A 39.255640 -76.956960 152.600000 3 24.625000 800 -29521.509607 29010.070275 66060.786109 0 0 0.681954 0.776471 9.941580 0.000764 -0.006109 0.011301 25.707031
2023-04-25T14:03:43.6331801Z 1682431423.633180 60.000000 2246 eziemag AAAAAPeiZQ0A 39.255640 -76.956960 152.600000 3 24.562500 800 -29520.770410 29007.342442 66055.866851 0 0 0.692124 0.785444 9.952946 0.000916 -0.005803 0.011301 25.687500
2023-04-25T14:04:43.6489408Z 1682431483.648941 60.000000 2247 eziemag AAAAAPeiZQ0A 39.255640 -76.956960 152.600000 3 24.562500 800 -29515.540427 29003.289941 66053.099768 0 0 0.681356 0.783649 9.946964 0.001069 -0.006567 0.011301 25.722656
2023-04-25T14:05:43.6608477Z 1682431543.660848 60.000000 2247 eziemag AAAAAPeiZQ0A 39.255640 -76.956960 152.600000 3 24.562500 800 -29515.857693 29001.481198 66052.406362 0 0 0.684347 0.786042 9.947562 0.000764 -0.005803 0.011759 25.699219
2023-04-25T14:06:43.6668396Z 1682431603.666840 60.000000 2249 eziemag AAAAAPeiZQ0A 39.255640 -76.956960 152.600000 3 24.562500 800 -29516.233833 29000.715834 66054.388457 0 0 0.695115 0.788435 9.940981 0.001527 -0.006414 0.011148 25.726562
2023-04-25T14:07:43.6794512Z 1682431663.679451 60.000000 2244 eziemag AAAAAPeiZQ0A 39.255640 -76.956960 152.600000 3 24.625000 800 -29516.266541 29000.450901 66052.399821 0 0 0.689133 0.778864 9.938589 0.001374 -0.005803 0.011454 25.718750
2023-04-25T14:08:43.7009118Z 1682431723.700912 60.000000 2245 eziemag AAAAAPeiZQ0A 39.255640 -76.956960 152.600000 3 24.625000 800 -29515.373617 29001.268597 66055.166903 0 0 0.683749 0.781855 9.946964 0.001374 -0.006261 0.011606 25.730469
2023-04-25T14:09:43.7036448Z 1682431783.703645 60.000000 2247 eziemag AAAAAPeiZQ0A 39.255640 -76.956960 152.600000 3 24.625000 800 -29515.190453 29002.894176 66053.394139 0 0 0.695115 0.795015 9.950553 0.001069 -0.005956 0.011454 25.718750
2023-04-25T14:10:43.7045424Z 1682431843.704542 60.000000 2247 eziemag AAAAAPeiZQ0A 39.255640 -76.956960 152.600000 3 24.562500 800 -29515.798819 29001.618571 66053.184809 0 0 0.687936 0.782453 9.944571 0.001527 -0.006720 0.011454 25.746094
2023-04-25T14:11:43.7074933Z 1682431903.707493 60.000000 2247 eziemag AAAAAPeiZQ0A 39.255640 -76.956960 152.600000 3 24.625000 800 -29513.384981 28998.436098 66050.790595 0 0 0.674178 0.784248 9.949356 0.001374 -0.006261 0.012065 25.703125
2023-04-25T14:12:43.729873Z 1682431963.729873 60.000000 2246 eziemag AAAAAPeiZQ0A 39.255640 -76.956960 152.600000 3 24.625000 800 -29516.570724 29000.146718 66053.884756 0 0 0.682553 0.787837 9.955338 0.001374 -0.005803 0.011912 25.742188
2023-04-25T14:13:43.7333937Z 1682432023.733394 60.000000 2245 eziemag AAAAAPeiZQ0A 39.255640 -76.956960 152.600000 3 24.625000 800 -29517.875766 29001.772297 66055.395858 0 0 0.683151 0.789631 9.948160 0.000764 -0.006261 0.011759 25.769531
2023-04-25T14:14:43.7355216Z 1682432083.735522 60.000000 2248 eziemag AAAAAPeiZQ0A 39.255640 -76.956960 152.600000 3 24.625000 800 -29517.444023 29002.468974 66055.094946 0 0 0.681356 0.785444 9.948160 0.000611 -0.005651 0.011606 25.738281
2023-04-25T14:15:43.7588093Z 1682432143.758809 60.000000 2246 eziemag AAAAAPeiZQ0A 39.255640 -76.956960 152.600000 3 24.625000 800 -29517.944453 29003.263775 66053.976338 0 0 0.680160 0.798605 9.945169 0.001069 -0.006109 0.011759 25.738281
2023-04-25T14:16:43.762166Z 1682432203.762166 60.000000 2247 eziemag AAAAAPeiZQ0A 39.255640 -76.956960 152.600000 3 24.625000 800 -29519.138289 29001.592404 66053.786633 0 0 0.680758 0.784248 9.952347 0.001222 -0.006109 0.011912 25.710938
2023-04-25T14:17:43.7800727Z 1682432263.780073 60.000000 2247 eziemag AAAAAPeiZQ0A 39.255640 -76.956960 152.600000 3 24.687500 800 -29521.382046 29005.837881 66054.669744 0 0 0.686142 0.778266 9.954740 0.001222 -0.005956 0.011454 25.714844
2023-04-25T14:18:43.7873266Z 1682432323.787327 60.000000 2243 eziemag AAAAAPeiZQ0A 39.255640 -76.956960 152.600000 3 24.687500 800 -29519.455555 29006.809304 66056.187388 0 0 0.682553 0.777667 9.948758 0.000611 -0.006567 0.012065 25.707031
2023-04-25T14:19:43.7883854Z 1682432383.788385 60.000000 2243 eziemag AAAAAPeiZQ0A 39.255640 -76.956960 152.600000 3 24.687500 800 -29524.070630 29007.963891 66057.391036 0 0 0.686142 0.779462 9.948160 0.001069 -0.005803 0.011912 25.726562
2023-04-25T14:20:43.7982042Z 1682432443.798204 60.000000 2247 eziemag AAAAAPeiZQ0A 39.255640 -76.956960 152.600000 3 24.625000 800 -29520.616683 29009.183893 66056.449051 0 0 0.684945 0.776471 9.948160 0.001985 -0.006261 0.011759 25.703125
2023-04-25T14:21:43.8071418Z 1682432503.807142 60.000000 2247 eziemag AAAAAPeiZQ0A 39.255640 -76.956960 152.600000 3 24.625000 800 -29520.390999 29010.812743 66058.136775 0 0 0.689731 0.781257 9.946365 0.001985 -0.006109 0.011606 25.695312
2023-04-25T14:22:43.8258636Z 1682432563.825864 60.000000 2248 eziemag AAAAAPeiZQ0A 39.255640 -76.956960 152.600000 3 24.687500 800 -29520.319042 29010.318855 66056.305136 0 0 0.686740 0.784248 9.943973 0.001069 -0.006261 0.011606 25.726562
2023-04-25T14:23:43.8353832Z 1682432623.835383 60.000000 2245 eziemag AAAAAPeiZQ0A 39.255640 -76.956960 152.600000 3 24.625000 800 -29522.801566 29010.783306 66056.259345 0 0 0.688535 0.786640 9.940383 0.001680 -0.006109 0.011454 25.675781
2023-04-25T14:24:43.846143Z 1682432683.846143 60.000000 2246 eziemag AAAAAPeiZQ0A 39.255640 -76.956960 152.600000 3 24.687500 800 -29522.513737 29010.034297 66057.691948 0 0 0.678963 0.775873 9.942776 0.001069 -0.005803 0.011759 25.687500
2023-04-25T14:25:43.8687787Z 1682432743.868779 60.000000 2247 eziemag AAAAAPeiZQ0A 39.255640 -76.956960 152.600000 3 24.687500 800 -29520.005046 29009.419389 66055.847226 0 0 0.684945 0.783649 9.955338 0.000611 -0.005651 0.011301 25.628906
2023-04-25T14:26:43.8758085Z 1682432803.875808 60.000000 2248 eziemag AAAAAPeiZQ0A 39.255640 -76.956960 152.600000 3 24.687500 800 -29521.463816 29009.857674 66056.586423 0 0 0.674776 0.783051 9.944571 0.000764 -0.005956 0.011454 25.593750
2023-04-25T14:27:43.8970351Z 1682432863.897035 60.000000 2247 eziemag AAAAAPeiZQ0A 39.255640 -76.956960 152.600000 3 24.687500 800 -29522.085265 29011.529045 66056.272428 0 0 0.689731 0.781855 9.947562 0.001069 -0.005803 0.011759 25.667969
2023-04-25T14:28:43.898674Z 1682432923.898674 60.000000 2247 eziemag AAAAAPeiZQ0A 39.255640 -76.956960 152.600000 3 24.687500 800 -29522.608590 29011.901914 66058.784390 0 0 0.677767 0.783051 9.945767 0.001374 -0.006109 0.011148 25.609375
2023-04-25T14:29:43.8997285Z 1682432983.899729 60.000000 2245 eziemag AAAAAPeiZQ0A 39.255640 -76.956960 152.600000 3 24.625000 800 -29523.694490 29014.355001 66058.921763 0 0 0.693919 0.779462 9.951151 0.000458 -0.005498 0.011301 25.683594
2023-04-25T14:30:43.9018736Z 1682433043.901874 60.000000 2246 eziemag AAAAAPeiZQ0A 39.255640 -76.956960 152.600000 3 24.687500 800 -29522.984730 29013.334517 66057.744281 0 0 0.686142 0.788435 9.946365 0.000458 -0.006872 0.011759 25.667969
2023-04-25T14:31:43.9279401Z 1682433103.927940 60.000000 2244 eziemag AAAAAPeiZQ0A 39.255640 -76.956960 152.600000 3 24.687500 800 -29522.981459 29013.278914 66057.319079 0 0 0.678365 0.786042 9.940981 0.000611 -0.006109 0.011301 25.699219
2023-04-25T14:32:43.9333792Z 1682433163.933379 60.000000 2243 eziemag AAAAAPeiZQ0A 39.255640 -76.956960 152.600000 3 24.625000 800 -29521.748374 29012.873337 66058.738599 0 0 0.684347 0.787239 9.952347 0.000916 -0.005498 0.011301 25.640625
2023-04-25T14:33:43.9489708Z 1682433223.948971 60.000000 2247 eziemag AAAAAPeiZQ0A 39.255640 -76.956960 152.600000 3 24.687500 800 -29527.184416 29011.797249 66052.282072 0 0 0.672383 0.787837 9.943973 0.001527 -0.005803 0.011301 25.621094
2023-04-25T14:34:43.9690723Z 1682433283.969072 60.000000 2247 eziemag AAAAAPeiZQ0A 39.255640 -76.956960 152.600000 3 24.687500 800 -29528.401148 29010.750598 66054.218376 0 0 0.680758 0.801596 9.956535 0.000916 -0.005803 0.011759 25.707031
2023-04-25T14:35:43.974791Z 1682433343.974791 60.000000 2244 eziemag AAAAAPeiZQ0A 39.255640 -76.956960 152.600000 3 24.687500 800 -29530.072518 29010.927220 66054.166044 0 0 0.682553 0.787239 9.949356 0.001833 -0.006261 0.011606 25.683594
2023-04-25T14:36:43.9779582Z 1682433403.977958 60.000000 2247 eziemag AAAAAPeiZQ0A 39.255640 -76.956960 152.600000 3 24.687500 800 -29528.198359 29009.756280 66055.382775 0 0 0.681954 0.784846 9.949356 0.001222 -0.006109 0.011606 25.691406
2023-04-25T14:37:43.9880428Z 1682433463.988043 60.000000 2247 eziemag AAAAAPeiZQ0A 39.255640 -76.956960 152.600000 3 24.687500 800 -29529.555734 29009.465180 66054.440789 0 0 0.675972 0.779462 9.947562 0.001374 -0.005956 0.011912 25.667969
2023-04-25T14:38:43.9911315Z 1682433523.991132 60.000000 2246 eziemag AAAAAPeiZQ0A 39.255640 -76.956960 152.600000 3 24.625000 800 -29523.095937 29008.696546 66051.640999 0 0 0.686740 0.787837 9.951151 0.001222 -0.006261 0.011606 25.679688
2023-04-25T14:39:43.9937973Z 1682433583.993797 60.000000 2248 eziemag AAAAAPeiZQ0A 39.255640 -76.956960 152.600000 3 24.687500 800 -29522.242262 29008.860085 66047.336648 0 0 0.679562 0.788435 9.945767 0.001527 -0.006567 0.011454 25.613281
2023-04-25T14:40:44.0192902Z 1682433644.019290 60.000000 2249 eziemag AAAAAPeiZQ0A 39.255640 -76.956960 152.600000 3 24.687500 800 -29520.309229 29006.900886 66045.969460 0 0 0.681954 0.795614 9.952946 0.000764 -0.005803 0.011148 25.632812
2023-04-25T14:41:44.019593Z 1682433704.019593 60.000000 2248 eziemag AAAAAPeiZQ0A 39.255640 -76.956960 152.600000 3 24.687500 800 -29522.431968 29008.003140 66046.669408 0 0 0.695713 0.787837 9.946365 0.000611 -0.005651 0.011454 25.664062
2023-04-25T14:42:44.0371635Z 1682433764.037163 60.000000 2247 eziemag AAAAAPeiZQ0A 39.255640 -76.956960 152.600000 3 24.687500 800 -29523.648699 29008.022765 66044.706938 0 0 0.675972 0.786042 9.948758 0.000916 -0.006720 0.011454 25.648438
2023-04-25T14:43:44.0461342Z 1682433824.046134 60.000000 2248 eziemag AAAAAPeiZQ0A 39.255640 -76.956960 152.600000 3 24.625000 800 -29524.476207 29009.082499 66044.863935 0 0 0.679562 0.789033 9.936196 0.000916 -0.005803 0.011912 25.613281
2023-04-25T14:44:44.067537Z 1682433884.067537 60.000000 2249 eziemag AAAAAPeiZQ0A 39.255640 -76.956960 152.600000 3 24.687500 800 -29525.346236 29010.848722 66044.464900 0 0 0.687338 0.784846 9.943973 0.001833 -0.005345 0.011606 25.656250
2023-04-25T14:45:44.0781147Z 1682433944.078115 60.000000 2248 eziemag AAAAAPeiZQ0A 39.255640 -76.956960 152.600000 3 24.687500 800 -29525.640606 29011.041698 66045.616216 0 0 0.678365 0.780658 9.946365 0.000458 -0.005956 0.011301 25.636719
2023-04-25T14:46:44.0856187Z 1682434004.085619 60.000000 2246 eziemag AAAAAPeiZQ0A 39.255640 -76.956960 152.600000 3 24.687500 800 -29525.064948 29010.106254 66046.630158 0 0 0.683749 0.782453 9.952347 0.000764 -0.006109 0.011148 25.660156
2023-04-25T14:47:44.1116233Z 1682434064.111623 60.000000 2244 eziemag AAAAAPeiZQ0A 39.255640 -76.956960 152.600000 3 24.625000 800 -29524.247253 29010.246897 66046.702116 0 0 0.674776 0.783051 9.945767 0.000764 -0.006261 0.011148 25.675781
2023-04-25T14:48:44.1372519Z 1682434124.137252 60.000000 2249 eziemag AAAAAPeiZQ0A 39.255640 -76.956960 152.600000 3 24.625000 800 -29524.348647 29008.601693 66047.545978 0 0 0.684347 0.781855 9.946365 0.001374 -0.006414 0.011301 25.742188
2023-04-25T14:49:44.1592777Z 1682434184.159278 60.000000 2248 eziemag AAAAAPeiZQ0A 39.255640 -76.956960 152.600000 3 24.687500 800 -29526.664362 29010.122608 66046.924529 0 0 0.680758 0.788435 9.945169 0.000916 -0.005956 0.012065 25.695312
2023-04-25T14:50:44.1618505Z 1682434244.161850 60.000000 2248 eziemag AAAAAPeiZQ0A 39.255640 -76.956960 152.600000 3 24.625000 800 -29527.760074 29012.507009 66049.004747 0 0 0.701695 0.780658 9.964910 0.001069 -0.005803 0.011912 25.722656
2023-04-25T14:51:44.170281Z 1682434304.170281 60.000000 2246 eziemag AAAAAPeiZQ0A 39.255640 -76.956960 152.600000 3 24.687500 800 -29529.931874 29013.344329 66047.702975 0 0 0.684945 0.792024 9.947562 0.001069 -0.006261 0.011301 25.707031
2023-04-25T14:52:44.1805856Z 1682434364.180586 60.000000 2249 eziemag AAAAAPeiZQ0A 39.255640 -76.956960 152.600000 3 24.625000 800 -29528.754392 29012.660736 66049.083246 0 0 0.683151 0.783649 9.944571 0.000916 -0.006261 0.011759 25.750000
2023-04-25T14:53:44.1958106Z 1682434424.195811 60.000000 2248 eziemag AAAAAPeiZQ0A 39.255640 -76.956960 152.600000 3 24.687500 800 -29529.173052 29014.665726 66050.980301 0 0 0.687936 0.776471 9.954142 0.001374 -0.006109 0.010843 25.726562
2023-04-25T14:54:44.2036204Z 1682434484.203620 60.000000 2247 eziemag AAAAAPeiZQ0A 39.255640 -76.956960 152.600000 3 24.687500 800 -29528.123131 29014.031194 66050.954134 0 0 0.678963 0.782453 9.933803 0.001833 -0.006109 0.011759 25.750000
2023-04-25T14:55:44.212554Z 1682434544.212554 60.000000 2247 eziemag AAAAAPeiZQ0A 39.255640 -76.956960 152.600000 3 24.625000 800 -29531.138793 29014.655914 66051.379336 0 0 0.694517 0.792622 9.936794 0.001069 -0.006720 0.011606 25.785156
2023-04-25T14:56:44.220405Z 1682434604.220405 60.000000 2249 eziemag AAAAAPeiZQ0A 39.255640 -76.956960 152.600000 3 24.687500 800 -29529.523026 29015.009158 66053.865132 0 0 0.687338 0.778266 9.949356 0.000916 -0.006109 0.011454 25.738281
2023-04-25T14:57:44.2290018Z 1682434664.229002 60.000000 2248 eziemag AAAAAPeiZQ0A 39.255640 -76.956960 152.600000 3 24.625000 800 -29529.382383 29013.282185 66049.796277 0 0 0.694517 0.787239 9.954142 0.000611 -0.006414 0.011606 25.777344
2023-04-25T14:58:44.2440772Z 1682434724.244077 60.000000 2246 eziemag AAAAAPeiZQ0A 39.255640 -76.956960 152.600000 3 24.687500 800 -29525.326611 29014.256878 66050.404643 0 0 0.683749 0.784248 9.946365 0.000153 -0.006109 0.011148 25.832031
2023-04-25T14:59:44.257035Z 1682434784.257035 60.000000 2243 eziemag AAAAAPeiZQ0A 39.255640 -76.956960 152.600000 3 24.687500 800 -29527.959592 29013.988674 66050.849469 0 0 0.688535 0.786042 9.943374 0.001374 -0.006414 0.011301 25.777344
