2023-04-25T03:00:34.7597196Z 1682391634.759720 60.000000 2251 eziemag AAAAAPeiZQ0A 39.255640 -76.956960 152.600000 3 25.625000 800 -29794.446677 29267.209461 66772.122645 0 0 0.664606 0.799801 9.946365 0.001069 -0.005803 0.011301 26.644531
2023-04-25T03:01:34.7756333Z 1682391694.775633 60.000000 2248 eziemag AAAAAPeiZQ0A 39.255640 -76.956960 152.600000 3 25.562500 800 -29797.498318 29268.262653 66771.828275 0 0 0.681356 0.797408 9.942178 0.001374 -0.006109 0.010996 26.675781
2023-04-25T03:02:34.7985098Z 1682391754.798510 60.000000 2249 eziemag AAAAAPeiZQ0A 39.255640 -76.956960 152.600000 3 25.562500 800 -29795.562014 29267.461311 66773.202004 0 0 0.666401 0.789631 9.948758 0.001222 -0.006261 0.012217 26.687500
2023-04-25T03:03:34.8031967Z 1682391814.803197 60.000000 2247 eziemag AAAAAPeiZQ0A 39.255640 -76.956960 152.600000 3 25.562500 800 -29796.337190 29267.664100 66771.684360 0 0 0.668196 0.796212 9.950553 0.001069 -0.007025 0.011454 26.656250
2023-04-25T03:04:34.8146276Z 1682391874.814628 60.000000 2250 eziemag AAAAAPeiZQ0A 39.255640 -76.956960 152.600000 3 25.562500 800 -29798.037997 29268.442546 66772.698303 0 0 0.666401 0.796810 9.946964 0.000611 -0.006261 0.010843 26.621094
2023-04-25T03:05:34.8227172Z 1682391934.822717 60.000000 2250 eziemag AAAAAPeiZQ0A 39.255640 -76.956960 152.600000 3 25.562500 800 -29798.944004 29267.902867 66772.881467 0 0 0.673580 0.793819 9.952347 0.001374 -0.006109 0.011454 26.695312
2023-04-25T03:06:34.8273642Z 1682391994.827364 60.000000 2251 eziemag AAAAAPeiZQ0A 39.255640 -76.956960 152.600000 3 25.562500 800 -29799.290707 29268.144905 66773.175837 0 0 0.671785 0.793819 9.955338 0.001680 -0.005956 0.010690 26.667969
2023-04-25T03:07:34.8298419Z 1682392054.829842 60.000000 2250 eziemag AAAAAPeiZQ0A 39.255640 -76.956960 152.600000 3 25.562500 800 -29799.742075 29266.538950 66773.751495 0 0 0.669990 0.795015 9.949356 0.001222 -0.005956 0.011148 26.683594
2023-04-25T03:08:34.8327718Z 1682392114.832772 60.000000 2247 eziemag AAAAAPeiZQ0A 39.255640 -76.956960 152.600000 3 25.562500 800 -29799.614515 29268.475254 66774.418735 0 0 0.661615 0.786042 9.958329 0.001833 -0.006567 0.011454 26.679688
2023-04-25T03:09:34.8487973Z 1682392174.848797 60.000000 2250 eziemag AAAAAPeiZQ0A 39.255640 -76.956960 152.600000 3 25.562500 800 -29799.127168 29269.256971 66774.431818 0 0 0.667598 0.796810 9.946964 0.001222 -0.005803 0.011301 26.687500
2023-04-25T03:10:34.871642Z 1682392234.871642 60.000000 2251 eziemag AAAAAPeiZQ0A 39.255640 -76.956960 152.600000 3 25.562500 800 -29796.517083 29269.194827 66770.434921 0 0 0.674178 0.784846 9.945169 0.000611 -0.005956 0.011606 26.675781
2023-04-25T03:11:34.8847818Z 1682392294.884782 60.000000 2245 eziemag AAAAAPeiZQ0A 39.255640 -76.956960 152.600000 3 25.625000 800 -29800.209797 29268.903727 66770.362964 0 0 0.666999 0.787239 9.933803 0.001680 -0.006109 0.011301 26.695312
2023-04-25T03:12:34.8874617Z 1682392354.887462 60.000000 2251 eziemag AAAAAPeiZQ0A 39.255640 -76.956960 152.600000 3 25.562500 800 -29798.741216 29268.844853 66771.736693 0 0 0.665205 0.795614 9.948758 0.000611 -0.006109 0.011759 26.699219
2023-04-25T03:13:34.9035633Z 1682392414.903563 60.000000 2250 eziemag AAAAAPeiZQ0A 39.255640 -76.956960 152.600000 3 25.562500 800 -29796.006841 29268.835040 66770.873206 0 0 0.664008 0.791426 9.948160 0.001527 -0.005956 0.010996 26.695312
2023-04-25T03:14:34.926462Z 1682392474.926462 60.000000 2248 eziemag AAAAAPeiZQ0A 39.255640 -76.956960 152.600000 3 25.625000 800 -29794.548071 29269.659278 66772.521681 0 0 0.674178 0.792024 9.944571 0.000764 -0.005803 0.011148 26.664062
2023-04-25T03:15:34.9272628Z 1682392534.927263 60.000000 2248 eziemag AAAAAPeiZQ0A 39.255640 -76.956960 152.600000 3 25.625000 800 -29795.198957 29270.081209 66771.592778 0 0 0.676571 0.787837 9.957133 0.001527 -0.006109 0.011606 26.671875
2023-04-25T03:16:34.9382415Z 1682392594.938241 60.000000 2251 eziemag AAAAAPeiZQ0A 39.255640 -76.956960 152.600000 3 25.625000 800 -29795.571826 29267.909409 66771.115244 0 0 0.664008 0.795015 9.946964 0.001680 -0.005956 0.011759 26.683594
2023-04-25T03:17:34.9617121Z 1682392654.961712 60.000000 2251 eziemag AAAAAPeiZQ0A 39.255640 -76.956960 152.600000 3 25.625000 800 -29798.149204 29268.615898 66771.429239 0 0 0.671785 0.790828 9.952946 0.001374 -0.005956 0.011148 26.679688
2023-04-25T03:18:34.973276Z 1682392714.973276 60.000000 2250 eziemag AAAAAPeiZQ0A 39.255640 -76.956960 152.600000 3 25.625000 800 -29796.899765 29267.487478 66771.154493 0 0 0.675374 0.802194 9.955937 0.001374 -0.006109 0.011759 26.699219
2023-04-25T03:19:34.9780946Z 1682392774.978095 60.000000 2248 eziemag AAAAAPeiZQ0A 39.255640 -76.956960 152.600000 3 25.625000 800 -29799.928510 29269.162119 66772.351600 0 0 0.668794 0.796212 9.936794 0.001222 -0.006567 0.011454 26.683594
2023-04-25T03:20:34.9959433Z 1682392834.995943 60.000000 2250 eziemag AAAAAPeiZQ0A 39.255640 -76.956960 152.600000 3 25.625000 800 -29798.087059 29269.410698 66771.946023 0 0 0.666401 0.797408 9.952946 0.000764 -0.005651 0.010690 26.707031
2023-04-25T03:21:35.0080092Z 1682392895.008009 60.000000 2249 eziemag AAAAAPeiZQ0A 39.255640 -76.956960 152.600000 3 25.625000 800 -29799.097731 29269.332199 66772.992673 0 0 0.671785 0.791426 9.952347 0.001069 -0.006414 0.011148 26.675781
2023-04-25T03:22:35.0197887Z 1682392955.019789 60.000000 2249 eziemag AAAAAPeiZQ0A 39.255640 -76.956960 152.600000 3 25.625000 800 -29798.780465 29269.397615 66772.279643 0 0 0.678365 0.792024 9.940981 0.001374 -0.006414 0.011912 26.656250
2023-04-25T03:23:35.0278487Z 1682393015.027849 60.000000 2245 eziemag AAAAAPeiZQ0A 39.255640 -76.956960 152.600000 3 25.625000 800 -29800.733123 29270.745178 66775.092516 0 0 0.660419 0.787837 9.949955 0.000764 -0.006109 0.011301 26.652344
2023-04-25T03:24:35.0409393Z 1682393075.040939 60.000000 2249 eziemag AAAAAPeiZQ0A 39.255640 -76.956960 152.600000 3 25.625000 800 -29797.567004 29268.746729 66774.503775 0 0 0.662214 0.785444 9.955937 0.000764 -0.005803 0.011606 26.707031
2023-04-25T03:25:35.059142Z 1682393135.059142 60.000000 2250 eziemag AAAAAPeiZQ0A 39.255640 -76.956960 152.600000 3 25.625000 800 -29799.693014 29268.046782 66771.265700 0 0 0.668196 0.790828 9.949955 0.000916 -0.006414 0.011148 26.656250
2023-04-25T03:26:35.0811377Z 1682393195.081138 60.000000 2247 eziemag AAAAAPeiZQ0A 39.255640 -76.956960 152.600000 3 25.625000 800 -29801.724170 29268.046782 66772.953424 0 0 0.668196 0.792024 9.943973 0.001374 -0.005956 0.011606 26.675781
2023-04-25T03:27:35.0874953Z 1682393255.087495 60.000000 2248 eziemag AAAAAPeiZQ0A 39.255640 -76.956960 152.600000 3 25.625000 800 -29804.465087 29267.755682 66771.219909 0 0 0.669990 0.795614 9.942776 0.001222 -0.005803 0.011606 26.671875
2023-04-25T03:28:35.100218Z 1682393315.100218 60.000000 2249 eziemag AAAAAPeiZQ0A 39.255640 -76.956960 152.600000 3 25.562500 800 -29799.444434 29267.709891 66772.639429 0 0 0.664606 0.783051 9.956535 0.001680 -0.005956 0.011454 26.691406
2023-04-25T03:29:35.10356Z 1682393375.103560 60.000000 2251 eziemag AAAAAPeiZQ0A 39.255640 -76.956960 152.600000 3 25.625000 800 -29801.266260 29268.488337 66772.593638 0 0 0.674776 0.784846 9.950553 0.001680 -0.005803 0.011606 26.691406
2023-04-25T03:30:35.1089418Z 1682393435.108942 60.000000 2251 eziemag AAAAAPeiZQ0A 39.255640 -76.956960 152.600000 3 25.625000 800 -29800.144382 29267.929033 66771.834816 0 0 0.672981 0.792622 9.952347 0.000916 -0.005345 0.011759 26.667969
2023-04-25T03:31:35.1295576Z 1682393495.129558 60.000000 2249 eziemag AAAAAPeiZQ0A 39.255640 -76.956960 152.600000 3 25.562500 800 -29804.824873 29268.625710 66772.253476 0 0 0.672383 0.796810 9.938589 0.001374 -0.005803 0.011759 26.675781
2023-04-25T03:32:35.1502092Z 1682393555.150209 60.000000 2251 eziemag AAAAAPeiZQ0A 39.255640 -76.956960 152.600000 3 25.562500 800 -29799.532745 29268.419651 66772.109562 0 0 0.665803 0.785444 9.940981 0.001374 -0.005651 0.011301 26.671875
2023-04-25T03:33:35.1587121Z 1682393615.158712 60.000000 2248 eziemag AAAAAPeiZQ0A 39.255640 -76.956960 152.600000 3 25.625000 800 -29798.701966 29268.959330 66772.979590 0 0 0.663410 0.792622 9.957731 0.001222 -0.006261 0.011454 26.722656
2023-04-25T03:34:35.1760218Z 1682393675.176022 60.000000 2250 eziemag AAAAAPeiZQ0A 39.255640 -76.956960 152.600000 3 25.625000 800 -29798.247327 29268.439276 66772.488973 0 0 0.664606 0.785444 9.940981 0.001374 -0.006261 0.010996 26.675781
2023-04-25T03:35:35.2004263Z 1682393735.200426 60.000000 2250 eziemag AAAAAPeiZQ0A 39.255640 -76.956960 152.600000 3 25.625000 800 -29800.150923 29267.837451 66771.036745 0 0 0.666999 0.794417 9.952946 0.000916 -0.006414 0.011759 26.656250
2023-04-25T03:36:35.2056842Z 1682393795.205684 60.000000 2250 eziemag AAAAAPeiZQ0A 39.255640 -76.956960 152.600000 3 25.625000 800 -29799.329957 29267.059005 66771.344199 0 0 0.666401 0.791426 9.942178 0.001680 -0.005956 0.011606 26.710938
2023-04-25T03:37:35.2224038Z 1682393855.222404 60.000000 2249 eziemag AAAAAPeiZQ0A 39.255640 -76.956960 152.600000 3 25.625000 800 -29797.956228 29267.523456 66771.762859 0 0 0.674178 0.798006 9.939785 0.000916 -0.005651 0.011454 26.695312
2023-04-25T03:38:35.2449753Z 1682393915.244975 60.000000 2244 eziemag AAAAAPeiZQ0A 39.255640 -76.956960 152.600000 3 25.625000 800 -29801.148512 29269.515363 66774.961685 0 0 0.658026 0.790230 9.945767 0.000611 -0.005345 0.011912 26.695312
2023-04-25T03:39:35.2646582Z 1682393975.264658 60.000000 2249 eziemag AAAAAPeiZQ0A 39.255640 -76.956960 152.600000 3 25.625000 800 -29800.945724 29268.730375 66774.536483 0 0 0.664008 0.795015 9.945169 0.001069 -0.006720 0.011148 26.695312
2023-04-25T03:40:35.2738278Z 1682394035.273828 60.000000 2250 eziemag AAAAAPeiZQ0A 39.255640 -76.956960 152.600000 3 25.625000 800 -29800.563042 29268.265924 66773.339376 0 0 0.675374 0.789631 9.939785 0.000916 -0.006109 0.011454 26.699219
2023-04-25T03:41:35.2766497Z 1682394095.276650 60.000000 2251 eziemag AAAAAPeiZQ0A 39.255640 -76.956960 152.600000 3 25.625000 800 -29802.489533 29269.178473 66773.901951 0 0 0.663410 0.790230 9.957133 0.001222 -0.005803 0.011301 26.738281
2023-04-25T03:42:35.2999053Z 1682394155.299905 60.000000 2250 eziemag AAAAAPeiZQ0A 39.255640 -76.956960 152.600000 3 25.625000 800 -29800.533605 29268.272466 66773.012298 0 0 0.674776 0.795614 9.947562 0.000764 -0.006109 0.011759 26.730469
2023-04-25T03:43:35.3247092Z 1682394215.324709 60.000000 2246 eziemag AAAAAPeiZQ0A 39.255640 -76.956960 152.600000 3 25.625000 800 -29802.234412 29268.622439 66773.398251 0 0 0.661017 0.793221 9.951749 0.001680 -0.005956 0.011301 26.707031
2023-04-25T03:44:35.3304186Z 1682394275.330419 60.000000 2250 eziemag AAAAAPeiZQ0A 39.255640 -76.956960 152.600000 3 25.625000 800 -29801.312051 29270.110646 66773.764578 0 0 0.667598 0.792024 9.943973 0.000916 -0.005651 0.012217 26.714844
2023-04-25T03:45:35.3447607Z 1682394335.344761 60.000000 2249 eziemag AAAAAPeiZQ0A 39.255640 -76.956960 152.600000 3 25.625000 800 -29802.126477 29267.448228 66772.855301 0 0 0.675374 0.792622 9.943973 0.001069 -0.006261 0.011301 26.718750
2023-04-25T03:46:35.3521483Z 1682394395.352148 60.000000 2249 eziemag AAAAAPeiZQ0A 39.255640 -76.956960 152.600000 3 25.625000 800 -29800.327546 29268.279007 66772.299267 0 0 0.664606 0.787837 9.940383 0.001069 -0.006109 0.011606 26.695312
2023-04-25T03:47:35.367619Z 1682394455.367619 60.000000 2244 eziemag AAAAAPeiZQ0A 39.255640 -76.956960 152.600000 3 25.625000 800 -29801.348030 29267.686995 66771.468488 0 0 0.666999 0.790230 9.947562 0.000764 -0.006414 0.010996 26.664062
2023-04-25T03:48:35.3807807Z 1682394515.380781 60.000000 2249 eziemag AAAAAPeiZQ0A 39.255640 -76.956960 152.600000 3 25.625000 800 -29796.817995 29268.478525 66773.515999 0 0 0.672981 0.790828 9.948160 0.001680 -0.006261 0.011148 26.679688
2023-04-25T03:49:35.3859556Z 1682394575.385956 60.000000 2249 eziemag AAAAAPeiZQ0A 39.255640 -76.956960 152.600000 3 25.562500 800 -29796.288128 29268.550482 66772.495514 0 0 0.668196 0.803390 9.950553 0.001374 -0.006109 0.011454 26.675781
2023-04-25T03:50:35.3926673Z 1682394635.392667 60.000000 2250 eziemag AAAAAPeiZQ0A 39.255640 -76.956960 152.600000 3 25.562500 800 -29799.343040 29268.226675 66770.925538 0 0 0.670589 0.789033 9.939187 0.001527 -0.006109 0.011454 26.699219
2023-04-25T03:51:35.404139Z 1682394695.404139 60.000000 2245 eziemag AAAAAPeiZQ0A 39.255640 -76.956960 152.600000 3 25.625000 800 -29801.439612 29269.080349 66772.083396 0 0 0.666401 0.790230 9.952946 0.001374 -0.006261 0.010996 26.675781
2023-04-25T03:52:35.4264328Z 1682394755.426433 60.000000 2249 eziemag AAAAAPeiZQ0A 39.255640 -76.956960 152.600000 3 25.625000 800 -29799.827116 29268.759812 66770.526503 0 0 0.664606 0.781855 9.940981 0.001222 -0.006109 0.011148 26.703125
2023-04-25T03:53:35.4513445Z 1682394815.451344 60.000000 2250 eziemag AAAAAPeiZQ0A 39.255640 -76.956960 152.600000 3 25.562500 800 -29801.410175 29269.626570 66771.658194 0 0 0.671187 0.789033 9.950553 0.000916 -0.006414 0.011301 26.675781
2023-04-25T03:54:35.4532442Z 1682394875.453244 60.000000 2250 eziemag AAAAAPeiZQ0A 39.255640 -76.956960 152.600000 3 25.625000 800 -29800.216339 29268.570107 66771.174118 0 0 0.665205 0.786640 9.945169 0.000916 -0.006414 0.011454 26.726562
2023-04-25T03:55:35.462412Z 1682394935.462412 60.000000 2248 eziemag AAAAAPeiZQ0A 39.255640 -76.956960 152.600000 3 25.625000 800 -29799.686472 29269.479385 66770.696583 0 0 0.656830 0.795614 9.954740 0.000764 -0.006567 0.011606 26.687500
2023-04-25T03:56:35.4796247Z 1682394995.479625 60.000000 2251 eziemag AAAAAPeiZQ0A 39.255640 -76.956960 152.600000 3 25.625000 800 -29797.884270 29268.972413 66771.213367 0 0 0.680160 0.789631 9.945767 0.001527 -0.005651 0.011759 26.699219
2023-04-25T03:57:35.4873085Z 1682395055.487309 60.000000 2251 eziemag AAAAAPeiZQ0A 39.255640 -76.956960 152.600000 3 25.625000 800 -29801.148512 29268.704209 66771.717068 0 0 0.673580 0.800399 9.951151 0.001222 -0.005803 0.010996 26.667969
2023-04-25T03:58:35.4917064Z 1682395115.491706 60.000000 2251 eziemag AAAAAPeiZQ0A 39.255640 -76.956960 152.600000 3 25.625000 800 -29800.304650 29269.613487 66772.645970 0 0 0.670589 0.797408 9.957133 0.001527 -0.006720 0.011454 26.695312
2023-04-25T03:59:35.4928482Z 1682395175.492848 60.000000 2250 eziemag AAAAAPeiZQ0A 39.255640 -76.956960 152.600000 3 25.625000 800 -29803.042296 29270.853114 66773.496374 0 0 0.676571 0.796212 9.949955 0.000764 -0.005651 0.011454 26.648438
