2023-04-25T15:00:44.272642Z 1682434844.272642 60.000000 2248 eziemag AAAAAPeiZQ0A 39.255640 -76.956960 152.600000 3 24.625000 800 -29528.090423 29013.556930 66051.614833 0 0 0.680160 0.788435 9.949955 0.001527 -0.006109 0.011148 25.859375
2023-04-25T15:01:44.2795665Z 1682434904.279567 60.000000 2248 eziemag AAAAAPeiZQ0A 39.255640 -76.956960 152.600000 3 24.687500 800 -29528.325920 29012.788296 66050.515849 0 0 0.684945 0.775873 9.952946 0.001222 -0.005803 0.011759 25.792969
2023-04-25T15:02:44.2987072Z 1682434964.298707 60.000000 2248 eziemag AAAAAPeiZQ0A 39.255640 -76.956960 152.600000 3 24.687500 800 -29525.241571 29012.032745 66048.945873 0 0 0.686142 0.789631 9.942178 0.000916 -0.006109 0.011301 25.882812
2023-04-25T15:03:44.316427Z 1682435024.316427 60.000000 2249 eziemag AAAAAPeiZQ0A 39.255640 -76.956960 152.600000 3 24.687500 800 -29529.451069 29012.287866 66050.443892 0 0 0.695713 0.790828 9.943973 0.000611 -0.005956 0.011454 25.867188
2023-04-25T15:04:44.3262346Z 1682435084.326235 60.000000 2250 eziemag AAAAAPeiZQ0A 39.255640 -76.956960 152.600000 3 24.687500 800 -29527.432996 29011.862664 66049.286035 0 0 0.689133 0.776471 9.939785 0.001222 -0.006567 0.011759 25.828125
2023-04-25T15:05:44.3526523Z 1682435144.352652 60.000000 2250 eziemag AAAAAPeiZQ0A 39.255640 -76.956960 152.600000 3 24.750000 800 -29525.725647 29010.734244 66048.239384 0 0 0.679562 0.784248 9.956535 0.001069 -0.005956 0.011301 25.832031
2023-04-25T15:06:44.373633Z 1682435204.373633 60.000000 2250 eziemag AAAAAPeiZQ0A 39.255640 -76.956960 152.600000 3 24.750000 800 -29526.739590 29011.022073 66048.644961 0 0 0.678365 0.790828 9.952946 0.001069 -0.005956 0.011759 25.835938
2023-04-25T15:07:44.3929088Z 1682435264.392909 60.000000 2249 eziemag AAAAAPeiZQ0A 39.255640 -76.956960 152.600000 3 24.750000 800 -29528.306295 29011.336068 66048.605712 0 0 0.678365 0.783051 9.948160 0.000611 -0.005651 0.011912 25.875000
2023-04-25T15:08:44.3974626Z 1682435324.397463 60.000000 2245 eziemag AAAAAPeiZQ0A 39.255640 -76.956960 152.600000 3 24.750000 800 -29528.649727 29009.828237 66048.762709 0 0 0.678365 0.787239 9.949356 0.001069 -0.006414 0.011606 25.902344
2023-04-25T15:09:44.4001875Z 1682435384.400187 60.000000 2212 eziemag AAAAAPeiZQ0A 39.255640 -76.956960 152.600000 3 24.750000 800 -29528.430585 29010.747327 66050.090647 0 0 0.682553 0.791426 9.954142 0.000611 -0.006261 0.011301 25.921875
2023-04-25T15:10:44.41152Z 1682435444.411520 60.000000 2247 eziemag AAAAAPeiZQ0A 39.255640 -76.956960 152.600000 3 24.750000 800 -29528.584311 29011.898643 66049.835526 0 0 0.684347 0.787837 9.939187 0.001680 -0.006414 0.011912 25.890625
2023-04-25T15:11:44.4272978Z 1682435504.427298 60.000000 2245 eziemag AAAAAPeiZQ0A 39.255640 -76.956960 152.600000 3 24.750000 800 -29529.467423 29011.761270 66050.044856 0 0 0.678365 0.780060 9.947562 0.001222 -0.006414 0.011759 25.914062
2023-04-25T15:12:44.4276657Z 1682435564.427666 60.000000 2248 eziemag AAAAAPeiZQ0A 39.255640 -76.956960 152.600000 3 24.750000 800 -29529.133803 29012.137410 66050.973759 0 0 0.688535 0.782453 9.951749 0.001680 -0.006261 0.010996 25.910156
2023-04-25T15:13:44.4365964Z 1682435624.436596 60.000000 2248 eziemag AAAAAPeiZQ0A 39.255640 -76.956960 152.600000 3 24.750000 800 -29525.692939 29008.297510 66048.062762 0 0 0.689731 0.789631 9.940981 0.001222 -0.005803 0.011759 25.871094
2023-04-25T15:14:44.4531813Z 1682435684.453181 60.000000 2248 eziemag AAAAAPeiZQ0A 39.255640 -76.956960 152.600000 3 24.750000 800 -29526.742860 29006.155147 66046.427370 0 0 0.686142 0.779462 9.942776 0.001069 -0.006567 0.012065 25.867188
2023-04-25T15:15:44.467942Z 1682435744.467942 60.000000 2243 eziemag AAAAAPeiZQ0A 39.255640 -76.956960 152.600000 3 24.812500 800 -29526.363449 29007.456919 66046.270372 0 0 0.683749 0.785444 9.950553 0.001680 -0.005803 0.011454 25.925781
2023-04-25T15:16:44.4841547Z 1682435804.484155 60.000000 2245 eziemag AAAAAPeiZQ0A 39.255640 -76.956960 152.600000 3 24.812500 800 -29525.375673 29005.798632 66046.996486 0 0 0.683749 0.792024 9.945169 0.001527 -0.005498 0.011301 25.902344
2023-04-25T15:17:44.5006514Z 1682435864.500651 60.000000 2248 eziemag AAAAAPeiZQ0A 39.255640 -76.956960 152.600000 3 24.812500 800 -29521.395129 28994.148101 66047.408605 0 0 0.686142 0.790828 9.937392 0.001222 -0.006414 0.011148 25.847656
2023-04-25T15:18:44.5243468Z 1682435924.524347 60.000000 2249 eziemag AAAAAPeiZQ0A 39.255640 -76.956960 152.600000 3 24.750000 800 -29524.270148 28993.628047 66049.855151 0 0 0.691526 0.786042 9.955338 0.001527 -0.006872 0.011301 25.957031
2023-04-25T15:19:44.5426466Z 1682435984.542647 60.000000 2247 eziemag AAAAAPeiZQ0A 39.255640 -76.956960 152.600000 3 24.812500 800 -29527.164791 29000.022428 66051.117673 0 0 0.684945 0.782453 9.953544 0.000611 -0.006567 0.011301 25.925781
2023-04-25T15:20:44.5577993Z 1682436044.557799 60.000000 2248 eziemag AAAAAPeiZQ0A 39.255640 -76.956960 152.600000 3 24.812500 800 -29526.975086 28999.361730 66054.512747 0 0 0.683151 0.785444 9.947562 0.001069 -0.006567 0.011912 25.968750
2023-04-25T15:21:44.5659Z 1682436104.565900 60.000000 2248 eziemag AAAAAPeiZQ0A 39.255640 -76.956960 152.600000 3 24.750000 800 -29527.096105 29000.499963 66055.736020 0 0 0.681356 0.789631 9.948160 0.001222 -0.005956 0.011148 25.972656
2023-04-25T15:22:44.589218Z 1682436164.589218 60.000000 2247 eziemag AAAAAPeiZQ0A 39.255640 -76.956960 152.600000 3 24.875000 800 -29525.169613 28999.819640 66053.439930 0 0 0.678365 0.778266 9.938589 0.001222 -0.006109 0.011759 25.957031
2023-04-25T15:23:44.6041274Z 1682436224.604127 60.000000 2247 eziemag AAAAAPeiZQ0A 39.255640 -76.956960 152.600000 3 24.812500 800 -29526.347096 29001.219535 66054.650120 0 0 0.686142 0.788435 9.942776 0.000764 -0.005803 0.011454 25.890625
2023-04-25T15:24:44.619065Z 1682436284.619065 60.000000 2248 eziemag AAAAAPeiZQ0A 39.255640 -76.956960 152.600000 3 24.812500 800 -29524.440229 29000.064948 66053.681968 0 0 0.675972 0.792622 9.945767 0.001374 -0.006872 0.011454 25.945312
2023-04-25T15:25:44.6250818Z 1682436344.625082 60.000000 2248 eziemag AAAAAPeiZQ0A 39.255640 -76.956960 152.600000 3 24.812500 800 -29527.308706 28998.478618 66050.777512 0 0 0.689133 0.789033 9.943374 0.000611 -0.005803 0.011606 25.960938
2023-04-25T15:26:44.6511936Z 1682436404.651194 60.000000 2247 eziemag AAAAAPeiZQ0A 39.255640 -76.956960 152.600000 3 24.750000 800 -29532.093862 29002.678304 66054.453873 0 0 0.678365 0.778266 9.945169 0.000764 -0.005803 0.011301 25.933594
2023-04-25T15:27:44.6614304Z 1682436464.661430 60.000000 2244 eziemag AAAAAPeiZQ0A 39.255640 -76.956960 152.600000 3 24.750000 800 -29530.608926 29003.028278 66055.605188 0 0 0.690928 0.789631 9.951151 0.000611 -0.005498 0.010996 25.925781
2023-04-25T15:28:44.6837819Z 1682436524.683782 60.000000 2249 eziemag AAAAAPeiZQ0A 39.255640 -76.956960 152.600000 3 24.812500 800 -29527.259644 29003.711872 66056.507925 0 0 0.686142 0.788435 9.946964 0.000305 -0.005192 0.011301 25.910156
2023-04-25T15:29:44.7038398Z 1682436584.703840 60.000000 2248 eziemag AAAAAPeiZQ0A 39.255640 -76.956960 152.600000 3 24.750000 800 -29529.025867 29004.123991 66052.439070 0 0 0.693320 0.776471 9.944571 0.001222 -0.006109 0.011912 25.914062
2023-04-25T15:30:44.7087734Z 1682436644.708773 60.000000 2248 eziemag AAAAAPeiZQ0A 39.255640 -76.956960 152.600000 3 24.750000 800 -29531.037399 29005.039810 66054.355749 0 0 0.682553 0.791426 9.951151 0.001527 -0.006109 0.011301 25.937500
2023-04-25T15:31:44.7119722Z 1682436704.711972 60.000000 2246 eziemag AAAAAPeiZQ0A 39.255640 -76.956960 152.600000 3 24.750000 800 -29532.898475 29004.225385 66051.588666 0 0 0.685544 0.790230 9.940981 0.001374 -0.005192 0.011759 25.933594
2023-04-25T15:32:44.7212532Z 1682436764.721253 60.000000 2248 eziemag AAAAAPeiZQ0A 39.255640 -76.956960 152.600000 3 24.812500 800 -29533.088180 29004.437986 66053.354889 0 0 0.690928 0.792622 9.949955 0.001374 -0.006109 0.010996 25.964844
2023-04-25T15:33:44.7403827Z 1682436824.740383 60.000000 2219 eziemag AAAAAPeiZQ0A 39.255640 -76.956960 152.600000 3 24.750000 800 -29526.428865 28995.698452 66046.983403 0 0 0.678365 0.788435 9.952946 0.001069 -0.005956 0.011301 25.937500
2023-04-25T15:34:44.7667673Z 1682436884.766767 60.000000 2247 eziemag AAAAAPeiZQ0A 39.255640 -76.956960 152.600000 3 24.812500 800 -29526.513906 28996.699312 66045.387261 0 0 0.681356 0.790230 9.941580 0.001069 -0.005956 0.011148 25.925781
2023-04-25T15:35:44.767652Z 1682436944.767652 60.000000 2247 eziemag AAAAAPeiZQ0A 39.255640 -76.956960 152.600000 3 24.750000 800 -29530.353805 29000.918623 66042.875299 0 0 0.677767 0.796810 9.946365 0.000458 -0.006109 0.011606 25.898438
2023-04-25T15:36:44.775519Z 1682437004.775519 60.000000 2250 eziemag AAAAAPeiZQ0A 39.255640 -76.956960 152.600000 3 24.750000 800 -29534.831508 29007.489627 66045.642382 0 0 0.681356 0.790230 9.960722 0.001069 -0.005956 0.011454 25.941406
2023-04-25T15:37:44.8011446Z 1682437064.801145 60.000000 2247 eziemag AAAAAPeiZQ0A 39.255640 -76.956960 152.600000 3 24.812500 800 -29531.093002 29002.691388 66048.527213 0 0 0.691526 0.789631 9.946964 0.000764 -0.006414 0.011454 25.886719
2023-04-25T15:38:44.8162484Z 1682437124.816248 60.000000 2240 eziemag AAAAAPeiZQ0A 39.255640 -76.956960 152.600000 3 24.812500 800 -29528.528708 29002.717554 66051.438210 0 0 0.693320 0.785444 9.956535 0.001069 -0.006109 0.011606 25.914062
2023-04-25T15:39:44.839603Z 1682437184.839603 60.000000 2245 eziemag AAAAAPeiZQ0A 39.255640 -76.956960 152.600000 3 24.812500 800 -29530.007102 29001.366720 66053.884756 0 0 0.679562 0.793819 9.947562 0.001222 -0.006261 0.011454 25.980469
2023-04-25T15:40:44.8496087Z 1682437244.849609 60.000000 2248 eziemag AAAAAPeiZQ0A 39.255640 -76.956960 152.600000 3 24.750000 800 -29528.175464 29001.196640 66053.858590 0 0 0.680758 0.794417 9.946964 0.001527 -0.005956 0.012065 25.914062
2023-04-25T15:41:44.8528085Z 1682437304.852808 60.000000 2247 eziemag AAAAAPeiZQ0A 39.255640 -76.956960 152.600000 3 24.812500 800 -29527.861468 29002.141896 66053.093227 0 0 0.685544 0.787239 9.945169 0.001374 -0.005803 0.011454 25.968750
2023-04-25T15:42:44.8547642Z 1682437364.854764 60.000000 2248 eziemag AAAAAPeiZQ0A 39.255640 -76.956960 152.600000 3 24.812500 800 -29527.387205 29000.431276 66052.458695 0 0 0.677767 0.786640 9.949955 0.001374 -0.005803 0.011454 25.917969
2023-04-25T15:43:44.8594391Z 1682437424.859439 60.000000 2245 eziemag AAAAAPeiZQ0A 39.255640 -76.956960 152.600000 3 24.750000 800 -29527.112459 29001.706882 66054.198751 0 0 0.683151 0.792622 9.958329 0.000916 -0.005345 0.011606 25.910156
2023-04-25T15:44:44.87971Z 1682437484.879710 60.000000 2247 eziemag AAAAAPeiZQ0A 39.255640 -76.956960 152.600000 3 24.750000 800 -29527.318518 29003.329190 66052.929688 0 0 0.683749 0.792622 9.946365 0.000611 -0.005956 0.011148 25.886719
2023-04-25T15:45:44.8995526Z 1682437544.899553 60.000000 2249 eziemag AAAAAPeiZQ0A 39.255640 -76.956960 152.600000 3 24.750000 800 -29525.902269 29002.295623 66056.056557 0 0 0.693320 0.781855 9.952347 0.001680 -0.006872 0.011759 25.921875
2023-04-25T15:46:44.9109914Z 1682437604.910991 60.000000 2249 eziemag AAAAAPeiZQ0A 39.255640 -76.956960 152.600000 3 24.750000 800 -29526.719965 29001.458302 66051.418586 0 0 0.693919 0.778864 9.955937 0.001222 -0.005803 0.011759 25.929688
2023-04-25T15:47:44.932001Z 1682437664.932001 60.000000 2244 eziemag AAAAAPeiZQ0A 39.255640 -76.956960 152.600000 3 24.750000 800 -29528.551604 29002.272727 66049.979441 0 0 0.684347 0.786042 9.952946 0.000916 -0.006261 0.010843 25.859375
2023-04-25T15:48:44.9419847Z 1682437724.941985 60.000000 2248 eziemag AAAAAPeiZQ0A 39.255640 -76.956960 152.600000 3 24.750000 800 -29524.342105 29000.643877 66048.644961 0 0 0.681954 0.795614 9.948160 0.001069 -0.006414 0.011606 25.886719
2023-04-25T15:49:44.9658403Z 1682437784.965840 60.000000 2248 eziemag AAAAAPeiZQ0A 39.255640 -76.956960 152.600000 3 24.750000 800 -29524.907951 29003.545062 66047.761850 0 0 0.681954 0.781855 9.948758 0.001069 -0.005651 0.011454 25.867188
2023-04-25T15:50:44.9666123Z 1682437844.966612 60.000000 2249 eziemag AAAAAPeiZQ0A 39.255640 -76.956960 152.600000 3 24.687500 800 -29524.711704 29004.137074 66047.513270 0 0 0.683749 0.795614 9.943374 0.000458 -0.005803 0.011606 25.863281
2023-04-25T15:51:44.980733Z 1682437904.980733 60.000000 2246 eziemag AAAAAPeiZQ0A 39.255640 -76.956960 152.600000 3 24.750000 800 -29527.423183 29003.914661 66049.410324 0 0 0.684347 0.784248 9.951749 0.001680 -0.006261 0.011606 25.832031
2023-04-25T15:52:44.9837787Z 1682437964.983779 60.000000 2247 eziemag AAAAAPeiZQ0A 39.255640 -76.956960 152.600000 3 24.687500 800 -29525.333153 29003.401148 66049.227161 0 0 0.682553 0.784846 9.944571 0.000916 -0.005651 0.011606 25.812500
2023-04-25T15:53:44.9986115Z 1682438024.998611 60.000000 2248 eziemag AAAAAPeiZQ0A 39.255640 -76.956960 152.600000 3 24.687500 800 -29524.502374 29004.424903 66049.325284 0 0 0.685544 0.792024 9.939187 0.000764 -0.007025 0.011606 25.832031
2023-04-25T15:54:45.0186272Z 1682438085.018627 60.000000 2246 eziemag AAAAAPeiZQ0A 39.255640 -76.956960 152.600000 3 24.687500 800 -29526.549884 29005.249140 66047.742225 0 0 0.688535 0.796810 9.945767 0.001222 -0.005651 0.011606 25.792969
2023-04-25T15:55:45.0214229Z 1682438145.021423 60.000000 2248 eziemag AAAAAPeiZQ0A 39.255640 -76.956960 152.600000 3 24.625000 800 -29528.129673 29005.402867 66047.003028 0 0 0.684945 0.792622 9.939187 0.001222 -0.006414 0.011606 25.773438
2023-04-25T15:56:45.0472455Z 1682438205.047246 60.000000 2246 eziemag AAAAAPeiZQ0A 39.255640 -76.956960 152.600000 3 24.687500 800 -29525.656960 29005.285119 66046.015251 0 0 0.684945 0.789033 9.946365 0.000458 -0.005803 0.011454 25.777344
2023-04-25T15:57:45.0540025Z 1682438265.054003 60.000000 2248 eziemag AAAAAPeiZQ0A 39.255640 -76.956960 152.600000 3 24.625000 800 -29527.868010 29004.611337 66046.368496 0 0 0.683749 0.780658 9.946964 0.001222 -0.006414 0.010996 25.824219
2023-04-25T15:58:45.0571642Z 1682438325.057164 60.000000 2247 eziemag AAAAAPeiZQ0A 39.255640 -76.956960 152.600000 3 24.687500 800 -29525.408381 29003.698789 66048.095469 0 0 0.688535 0.798006 9.951749 0.001069 -0.005192 0.011759 25.812500
2023-04-25T15:59:45.066232Z 1682438385.066232 60.000000 2248 eziemag AAAAAPeiZQ0A 39.255640 -76.956960 152.600000 3 24.625000 800 -29527.344685 29005.510803 66047.925389 0 0 0.685544 0.781257 9.954740 0.000611 -0.005803 0.011454 25.804688
