2023-04-25T16:00:45.0916855Z 1682438445.091686 60.000000 2248 eziemag AAAAAPeiZQ0A 39.255640 -76.956960 152.600000 3 24.625000 800 -29527.266186 29003.659539 66046.316163 0 0 0.689133 0.790230 9.952347 0.001069 -0.005651 0.011454 25.714844
2023-04-25T16:01:45.1107943Z 1682438505.110794 60.000000 2246 eziemag AAAAAPeiZQ0A 39.255640 -76.956960 152.600000 3 24.625000 800 -29525.781250 29004.294071 66046.257289 0 0 0.682553 0.788435 9.945169 0.000764 -0.006109 0.011454 25.746094
2023-04-25T16:02:45.1138968Z 1682438565.113897 60.000000 2248 eziemag AAAAAPeiZQ0A 39.255640 -76.956960 152.600000 3 24.625000 800 -29525.264466 29005.262223 66048.998206 0 0 0.684945 0.784846 9.944571 0.001374 -0.006109 0.011606 25.773438
2023-04-25T16:03:45.1310318Z 1682438625.131032 60.000000 2244 eziemag AAAAAPeiZQ0A 39.255640 -76.956960 152.600000 3 24.625000 800 -29525.993851 29004.114178 66044.242487 0 0 0.681356 0.796810 9.950553 0.001374 -0.006109 0.011301 25.765625
2023-04-25T16:04:45.1342976Z 1682438685.134298 60.000000 2247 eziemag AAAAAPeiZQ0A 39.255640 -76.956960 152.600000 3 24.625000 800 -29528.590853 29006.472413 66048.219759 0 0 0.679562 0.784846 9.948758 0.000916 -0.006261 0.011301 25.785156
2023-04-25T16:05:45.1421793Z 1682438745.142179 60.000000 2248 eziemag AAAAAPeiZQ0A 39.255640 -76.956960 152.600000 3 24.625000 800 -29526.598946 29006.109356 66049.691612 0 0 0.686142 0.787239 9.940981 0.001222 -0.006261 0.011301 25.785156
2023-04-25T16:06:45.168394Z 1682438805.168394 60.000000 2248 eziemag AAAAAPeiZQ0A 39.255640 -76.956960 152.600000 3 24.625000 800 -29526.026559 29005.412679 66048.828125 0 0 0.691526 0.782453 9.949955 0.001527 -0.006414 0.011301 25.816406
2023-04-25T16:07:45.1690319Z 1682438865.169032 60.000000 2246 eziemag AAAAAPeiZQ0A 39.255640 -76.956960 152.600000 3 24.625000 800 -29526.445219 29004.539380 66049.757028 0 0 0.684347 0.783649 9.946365 0.001222 -0.006109 0.010690 25.812500
2023-04-25T16:08:45.1704786Z 1682438925.170479 60.000000 2243 eziemag AAAAAPeiZQ0A 39.255640 -76.956960 152.600000 3 24.625000 800 -29525.863020 29004.215573 66048.520671 0 0 0.682553 0.786640 9.934999 0.001069 -0.006261 0.011759 25.839844
2023-04-25T16:09:45.1739786Z 1682438985.173979 60.000000 2246 eziemag AAAAAPeiZQ0A 39.255640 -76.956960 152.600000 3 24.625000 800 -29525.578461 29003.152568 66047.814182 0 0 0.678963 0.780060 9.933803 0.001069 -0.006414 0.010996 25.828125
2023-04-25T16:10:45.1743672Z 1682439045.174367 60.000000 2245 eziemag AAAAAPeiZQ0A 39.255640 -76.956960 152.600000 3 24.687500 800 -29524.420604 29004.944957 66048.219759 0 0 0.687936 0.781257 9.942178 0.001069 -0.005345 0.011454 25.808594
2023-04-25T16:11:45.1770701Z 1682439105.177070 60.000000 2247 eziemag AAAAAPeiZQ0A 39.255640 -76.956960 152.600000 3 24.625000 800 -29526.988169 29006.900886 66048.821583 0 0 0.678963 0.788435 9.951151 0.001527 -0.006261 0.011759 25.820312
2023-04-25T16:12:45.1921217Z 1682439165.192122 60.000000 2248 eziemag AAAAAPeiZQ0A 39.255640 -76.956960 152.600000 3 24.687500 800 -29524.871972 29006.462601 66048.527213 0 0 0.683151 0.781257 9.941580 0.000764 -0.005192 0.011606 25.828125
2023-04-25T16:13:45.2018948Z 1682439225.201895 60.000000 2246 eziemag AAAAAPeiZQ0A 39.255640 -76.956960 152.600000 3 24.625000 800 -29525.692939 29004.186136 66049.475740 0 0 0.692124 0.788435 9.952946 0.000916 -0.005498 0.011301 25.843750
2023-04-25T16:14:45.2087464Z 1682439285.208746 60.000000 2248 eziemag AAAAAPeiZQ0A 39.255640 -76.956960 152.600000 3 24.687500 800 -29525.611169 29005.445387 66049.521531 0 0 0.685544 0.782453 9.935598 0.001527 -0.006414 0.011301 25.851562
2023-04-25T16:15:45.2316463Z 1682439345.231646 60.000000 2244 eziemag AAAAAPeiZQ0A 39.255640 -76.956960 152.600000 3 24.625000 800 -29528.325920 29007.136382 66047.755308 0 0 0.680758 0.778266 9.950553 0.001833 -0.006414 0.011148 25.765625
2023-04-25T16:16:45.2545507Z 1682439405.254551 60.000000 2243 eziemag AAAAAPeiZQ0A 39.255640 -76.956960 152.600000 3 24.687500 800 -29526.687257 29006.766784 66047.382439 0 0 0.685544 0.790828 9.942776 0.001222 -0.005192 0.011148 25.808594
2023-04-25T16:17:45.2562737Z 1682439465.256274 60.000000 2248 eziemag AAAAAPeiZQ0A 39.255640 -76.956960 152.600000 3 24.625000 800 -29526.533530 29005.900026 66046.433911 0 0 0.680758 0.791426 9.957133 0.000764 -0.005956 0.011454 25.781250
2023-04-25T16:18:45.282504Z 1682439525.282504 60.000000 2248 eziemag AAAAAPeiZQ0A 39.255640 -76.956960 152.600000 3 24.625000 800 -29526.890046 29005.128121 66048.010429 0 0 0.673580 0.784846 9.942776 0.000611 -0.006414 0.011606 25.792969
2023-04-25T16:19:45.293608Z 1682439585.293608 60.000000 2246 eziemag AAAAAPeiZQ0A 39.255640 -76.956960 152.600000 3 24.625000 800 -29527.374122 29008.856814 66050.378476 0 0 0.677169 0.783051 9.939785 0.000916 -0.006109 0.011606 25.785156
2023-04-25T16:20:45.296311Z 1682439645.296311 60.000000 2247 eziemag AAAAAPeiZQ0A 39.255640 -76.956960 152.600000 3 24.625000 800 -29526.657820 29008.176491 66047.748766 0 0 0.672383 0.796810 9.946964 0.001222 -0.005803 0.010996 25.750000
2023-04-25T16:21:45.3037105Z 1682439705.303710 60.000000 2247 eziemag AAAAAPeiZQ0A 39.255640 -76.956960 152.600000 3 24.625000 800 -29527.295623 29007.885392 66048.422548 0 0 0.679562 0.793221 9.945767 0.000916 -0.005651 0.011454 25.726562
2023-04-25T16:22:45.318993Z 1682439765.318993 60.000000 2245 eziemag AAAAAPeiZQ0A 39.255640 -76.956960 152.600000 3 24.625000 800 -29528.250692 29009.461909 66049.567322 0 0 0.678365 0.791426 9.943374 0.001374 -0.006567 0.011759 25.730469
2023-04-25T16:23:45.323477Z 1682439825.323477 60.000000 2246 eziemag AAAAAPeiZQ0A 39.255640 -76.956960 152.600000 3 24.625000 800 -29530.242599 29009.887111 66048.991664 0 0 0.691526 0.777069 9.953544 0.001527 -0.006261 0.011912 25.761719
2023-04-25T16:24:45.3410337Z 1682439885.341034 60.000000 2248 eziemag AAAAAPeiZQ0A 39.255640 -76.956960 152.600000 3 24.625000 800 -29528.106777 29008.945126 66046.571284 0 0 0.678365 0.793819 9.945169 0.001680 -0.006261 0.011301 25.714844
2023-04-25T16:25:45.3471665Z 1682439945.347167 60.000000 2246 eziemag AAAAAPeiZQ0A 39.255640 -76.956960 152.600000 3 24.625000 800 -29527.482057 29010.354833 66048.638420 0 0 0.679562 0.788435 9.942178 0.001069 -0.005498 0.010843 25.750000
2023-04-25T16:26:45.3482234Z 1682440005.348223 60.000000 2225 eziemag AAAAAPeiZQ0A 39.255640 -76.956960 152.600000 3 24.687500 800 -29531.622869 29010.443144 66048.730001 0 0 0.671187 0.778864 9.963115 0.000916 -0.006261 0.011148 25.761719
2023-04-25T16:27:45.3699021Z 1682440065.369902 60.000000 2243 eziemag AAAAAPeiZQ0A 39.255640 -76.956960 152.600000 3 24.625000 800 -29532.492898 29014.286315 66046.263831 0 0 0.687936 0.780658 9.942178 0.001833 -0.005956 0.011301 25.773438
2023-04-25T16:28:45.394019Z 1682440125.394019 60.000000 2248 eziemag AAAAAPeiZQ0A 39.255640 -76.956960 152.600000 3 24.625000 800 -29528.525437 29010.570705 66048.416006 0 0 0.681954 0.784846 9.957731 0.001069 -0.006567 0.011454 25.777344
2023-04-25T16:29:45.4199533Z 1682440185.419953 60.000000 2247 eziemag AAAAAPeiZQ0A 39.255640 -76.956960 152.600000 3 24.625000 800 -29529.745440 29011.211779 66050.679388 0 0 0.691526 0.786042 9.946964 0.000458 -0.005803 0.011912 25.785156
2023-04-25T16:30:45.439768Z 1682440245.439768 60.000000 2248 eziemag AAAAAPeiZQ0A 39.255640 -76.956960 152.600000 3 24.625000 800 -29528.911390 29011.198695 66050.064481 0 0 0.690928 0.786640 9.951749 0.001527 -0.005956 0.011301 25.757812
2023-04-25T16:31:45.4506106Z 1682440305.450611 60.000000 2247 eziemag AAAAAPeiZQ0A 39.255640 -76.956960 152.600000 3 24.625000 800 -29530.258953 29008.058743 66049.887859 0 0 0.680160 0.781257 9.947562 0.001833 -0.006261 0.011148 25.726562
2023-04-25T16:32:45.4718013Z 1682440365.471801 60.000000 2248 eziemag AAAAAPeiZQ0A 39.255640 -76.956960 152.600000 3 24.625000 800 -29530.033269 29008.389092 66049.037455 0 0 0.677169 0.782453 9.948758 0.001222 -0.005651 0.011606 25.742188
2023-04-25T16:33:45.4859042Z 1682440425.485904 60.000000 2247 eziemag AAAAAPeiZQ0A 39.255640 -76.956960 152.600000 3 24.625000 800 -29529.784689 29010.551080 66049.600030 0 0 0.684945 0.793221 9.948758 0.001527 -0.006414 0.011912 25.734375
2023-04-25T16:34:45.5034037Z 1682440485.503404 60.000000 2248 eziemag AAAAAPeiZQ0A 39.255640 -76.956960 152.600000 3 24.625000 800 -29529.267905 29009.641802 66047.892681 0 0 0.686740 0.786042 9.949955 0.001069 -0.006261 0.011301 25.726562
2023-04-25T16:35:45.5158095Z 1682440545.515810 60.000000 2246 eziemag AAAAAPeiZQ0A 39.255640 -76.956960 152.600000 3 24.625000 800 -29532.456919 29010.485665 66048.788876 0 0 0.680758 0.792024 9.947562 0.000458 -0.006567 0.011301 25.769531
2023-04-25T16:36:45.5266004Z 1682440605.526600 60.000000 2248 eziemag AAAAAPeiZQ0A 39.255640 -76.956960 152.600000 3 24.625000 800 -29531.773325 29010.577247 66049.992524 0 0 0.693320 0.792024 9.944571 0.001680 -0.005956 0.011759 25.746094
2023-04-25T16:37:45.5396662Z 1682440665.539666 60.000000 2246 eziemag AAAAAPeiZQ0A 39.255640 -76.956960 152.600000 3 24.562500 800 -29530.873860 29010.691724 66048.010429 0 0 0.686740 0.787239 9.950553 0.001527 -0.006414 0.011759 25.695312
2023-04-25T16:38:45.5509648Z 1682440725.550965 60.000000 2243 eziemag AAAAAPeiZQ0A 39.255640 -76.956960 152.600000 3 24.625000 800 -29532.080779 29010.812743 66048.193593 0 0 0.684945 0.780060 9.952946 0.001222 -0.006109 0.011148 25.703125
2023-04-25T16:39:45.5649955Z 1682440785.564996 60.000000 2244 eziemag AAAAAPeiZQ0A 39.255640 -76.956960 152.600000 3 24.562500 800 -29530.723404 29009.615636 66047.415147 0 0 0.684347 0.781855 9.952347 0.001069 -0.005956 0.011454 25.695312
2023-04-25T16:40:45.5742652Z 1682440845.574265 60.000000 2247 eziemag AAAAAPeiZQ0A 39.255640 -76.956960 152.600000 3 24.625000 800 -29530.926192 29010.865076 66048.357132 0 0 0.683151 0.796810 9.950553 0.001069 -0.006261 0.011606 25.660156
2023-04-25T16:41:45.586387Z 1682440905.586387 60.000000 2249 eziemag AAAAAPeiZQ0A 39.255640 -76.956960 152.600000 3 24.625000 800 -29530.988337 29010.616496 66046.944154 0 0 0.678365 0.791426 9.942178 0.001680 -0.005803 0.011454 25.691406
2023-04-25T16:42:45.603952Z 1682440965.603952 60.000000 2249 eziemag AAAAAPeiZQ0A 39.255640 -76.956960 152.600000 3 24.562500 800 -29530.798632 29011.568294 66047.500187 0 0 0.679562 0.791426 9.940383 0.001833 -0.005956 0.011912 25.703125
2023-04-25T16:43:45.6189046Z 1682441025.618905 60.000000 2249 eziemag AAAAAPeiZQ0A 39.255640 -76.956960 152.600000 3 24.562500 800 -29532.008822 29012.039287 66046.204957 0 0 0.674776 0.787837 9.943973 0.000764 -0.006109 0.011606 25.640625
2023-04-25T16:44:45.6380594Z 1682441085.638059 60.000000 2247 eziemag AAAAAPeiZQ0A 39.255640 -76.956960 152.600000 3 24.500000 800 -29531.328499 29012.526634 66047.402063 0 0 0.681954 0.790230 9.951749 0.001069 -0.006567 0.011454 25.664062
2023-04-25T16:45:45.643174Z 1682441145.643174 60.000000 2250 eziemag AAAAAPeiZQ0A 39.255640 -76.956960 152.600000 3 24.500000 800 -29530.386513 29013.213498 66049.024372 0 0 0.683151 0.791426 9.950553 0.001069 -0.006261 0.011148 25.597656
2023-04-25T16:46:45.6595476Z 1682441205.659548 60.000000 2250 eziemag AAAAAPeiZQ0A 39.255640 -76.956960 152.600000 3 24.500000 800 -29530.536969 29014.116234 66048.030054 0 0 0.684347 0.788435 9.948758 0.000916 -0.006720 0.011148 25.636719
2023-04-25T16:47:45.682835Z 1682441265.682835 60.000000 2247 eziemag AAAAAPeiZQ0A 39.255640 -76.956960 152.600000 3 24.500000 800 -29533.147054 29015.741814 66050.057940 0 0 0.680160 0.792024 9.942178 0.001222 -0.005956 0.011148 25.632812
2023-04-25T16:48:45.7029598Z 1682441325.702960 60.000000 2248 eziemag AAAAAPeiZQ0A 39.255640 -76.956960 152.600000 3 24.500000 800 -29528.440397 29013.121916 66046.244206 0 0 0.685544 0.780658 9.950553 0.001069 -0.005956 0.011301 25.636719
2023-04-25T16:49:45.7241776Z 1682441385.724178 60.000000 2248 eziemag AAAAAPeiZQ0A 39.255640 -76.956960 152.600000 3 24.500000 800 -29526.975086 29011.571565 66043.163128 0 0 0.677169 0.797408 9.946964 0.001374 -0.006567 0.011606 25.593750
2023-04-25T16:50:45.7482333Z 1682441445.748233 60.000000 2248 eziemag AAAAAPeiZQ0A 39.255640 -76.956960 152.600000 3 24.500000 800 -29527.989029 29012.448135 66044.680772 0 0 0.689133 0.791426 9.939187 0.001527 -0.006414 0.011301 25.597656
2023-04-25T16:51:45.753131Z 1682441505.753131 60.000000 2245 eziemag AAAAAPeiZQ0A 39.255640 -76.956960 152.600000 3 24.500000 800 -29528.368440 29012.238805 66043.849993 0 0 0.671187 0.793221 9.941580 0.000611 -0.006567 0.010843 25.605469
2023-04-25T16:52:45.7680688Z 1682441565.768069 60.000000 2246 eziemag AAAAAPeiZQ0A 39.255640 -76.956960 152.600000 3 24.500000 800 -29525.601357 29012.078536 66043.993907 0 0 0.689133 0.790230 9.949356 0.001222 -0.006109 0.011148 25.574219
2023-04-25T16:53:45.7771146Z 1682441625.777115 60.000000 2248 eziemag AAAAAPeiZQ0A 39.255640 -76.956960 152.600000 3 24.500000 800 -29526.235889 29011.424379 66042.672510 0 0 0.683151 0.788435 9.951151 0.001222 -0.005651 0.011759 25.617188
2023-04-25T16:54:45.7801235Z 1682441685.780123 60.000000 2249 eziemag AAAAAPeiZQ0A 39.255640 -76.956960 152.600000 3 24.437500 800 -29522.595507 29005.124850 66039.604516 0 0 0.677767 0.775275 9.945767 0.000764 -0.006261 0.011454 25.570312
2023-04-25T16:55:45.80302Z 1682441745.803020 60.000000 2248 eziemag AAAAAPeiZQ0A 39.255640 -76.956960 152.600000 3 24.500000 800 -29523.753364 29003.881953 66036.889765 0 0 0.676571 0.785444 9.934401 0.000764 -0.006414 0.011759 25.570312
2023-04-25T16:56:45.8192859Z 1682441805.819286 60.000000 2246 eziemag AAAAAPeiZQ0A 39.255640 -76.956960 152.600000 3 24.500000 800 -29523.668324 29001.468115 66037.720544 0 0 0.687338 0.790828 9.951151 0.001680 -0.005956 0.010996 25.546875
2023-04-25T16:57:45.8268785Z 1682441865.826879 60.000000 2247 eziemag AAAAAPeiZQ0A 39.255640 -76.956960 152.600000 3 24.500000 800 -29523.933257 29002.567098 66039.120440 0 0 0.683151 0.793221 9.949356 0.000153 -0.005345 0.011148 25.507812
2023-04-25T16:58:45.8491974Z 1682441925.849197 60.000000 2247 eziemag AAAAAPeiZQ0A 39.255640 -76.956960 152.600000 3 24.500000 800 -29526.648008 29002.805865 66038.570948 0 0 0.687338 0.783649 9.945169 0.001374 -0.006109 0.011301 25.562500
2023-04-25T16:59:45.850016Z 1682441985.850016 60.000000 2248 eziemag AAAAAPeiZQ0A 39.255640 -76.956960 152.600000 3 24.500000 800 -29528.417501 29004.660399 66038.799903 0 0 0.686740 0.783051 9.951749 0.000305 -0.006109 0.011454 25.617188
