2023-04-25T11:00:41.3014574Z 1682420441.301457 60.000000 2247 eziemag AAAAAPeiZQ0A 39.255640 -76.956960 152.600000 3 25.187500 800 -29846.674548 29278.271251 66766.752019 0 0 0.664606 0.791426 9.956535 0.001374 -0.006261 0.011301 26.281250
2023-04-25T11:01:41.3109212Z 1682420501.310921 60.000000 2247 eziemag AAAAAPeiZQ0A 39.255640 -76.956960 152.600000 3 25.125000 800 -29845.945163 29277.182080 66766.202527 0 0 0.671187 0.790828 9.937990 0.001222 -0.005651 0.011606 26.210938
2023-04-25T11:02:41.316371Z 1682420561.316371 60.000000 2248 eziemag AAAAAPeiZQ0A 39.255640 -76.956960 152.600000 3 25.125000 800 -29848.630476 29276.619505 66766.339900 0 0 0.680160 0.790230 9.955937 0.001222 -0.005803 0.011454 26.226562
2023-04-25T11:03:41.3181536Z 1682420621.318154 60.000000 2246 eziemag AAAAAPeiZQ0A 39.255640 -76.956960 152.600000 3 25.125000 800 -29848.136588 29274.241645 66768.452826 0 0 0.662812 0.798006 9.948758 0.000764 -0.005803 0.011454 26.175781
2023-04-25T11:04:41.3181617Z 1682420681.318162 60.000000 2249 eziemag AAAAAPeiZQ0A 39.255640 -76.956960 152.600000 3 25.062500 800 -29847.047417 29274.431351 66769.591059 0 0 0.673580 0.784248 9.957731 0.000916 -0.005956 0.011454 26.117188
2023-04-25T11:05:41.3281093Z 1682420741.328109 60.000000 2247 eziemag AAAAAPeiZQ0A 39.255640 -76.956960 152.600000 3 25.062500 800 -29847.073583 29274.814033 66768.655615 0 0 0.668794 0.792024 9.939187 0.001985 -0.006261 0.012065 26.175781
2023-04-25T11:06:41.33221Z 1682420801.332210 60.000000 2245 eziemag AAAAAPeiZQ0A 39.255640 -76.956960 152.600000 3 25.062500 800 -29845.794707 29274.751888 66767.877168 0 0 0.668196 0.795015 9.945169 0.001222 -0.006567 0.011148 26.121094
2023-04-25T11:07:41.335671Z 1682420861.335671 60.000000 2247 eziemag AAAAAPeiZQ0A 39.255640 -76.956960 152.600000 3 25.062500 800 -29847.940341 29275.922828 66767.314593 0 0 0.666401 0.791426 9.940981 0.001374 -0.005803 0.011912 26.070312
2023-04-25T11:08:41.342789Z 1682420921.342789 60.000000 2246 eziemag AAAAAPeiZQ0A 39.255640 -76.956960 152.600000 3 25.062500 800 -29849.932248 29276.704545 66769.237814 0 0 0.661017 0.798605 9.948160 0.001374 -0.006720 0.011454 26.085938
2023-04-25T11:09:41.3570626Z 1682420981.357063 60.000000 2249 eziemag AAAAAPeiZQ0A 39.255640 -76.956960 152.600000 3 25.062500 800 -29847.273101 29274.745346 66770.408754 0 0 0.672383 0.780658 9.956535 0.001069 -0.005651 0.011454 26.078125
2023-04-25T11:10:41.3809412Z 1682421041.380941 60.000000 2247 eziemag AAAAAPeiZQ0A 39.255640 -76.956960 152.600000 3 25.000000 800 -29846.550258 29273.257140 66768.106123 0 0 0.665803 0.796810 9.942178 0.000916 -0.006261 0.011301 26.054688
2023-04-25T11:11:41.38271Z 1682421101.382710 60.000000 2243 eziemag AAAAAPeiZQ0A 39.255640 -76.956960 152.600000 3 24.937500 800 -29848.205274 29274.159876 66767.994916 0 0 0.673580 0.789033 9.942776 0.001069 -0.005803 0.011148 26.070312
2023-04-25T11:12:41.4061396Z 1682421161.406140 60.000000 2248 eziemag AAAAAPeiZQ0A 39.255640 -76.956960 152.600000 3 25.000000 800 -29847.276372 29273.610384 66769.002318 0 0 0.654437 0.792622 9.948758 0.001222 -0.006414 0.011759 26.058594
2023-04-25T11:13:41.4275043Z 1682421221.427504 60.000000 2248 eziemag AAAAAPeiZQ0A 39.255640 -76.956960 152.600000 3 24.937500 800 -29848.159483 29273.813173 66768.158455 0 0 0.665205 0.796212 9.955937 0.001374 -0.005345 0.011454 26.046875
2023-04-25T11:14:41.4524338Z 1682421281.452434 60.000000 2248 eziemag AAAAAPeiZQ0A 39.255640 -76.956960 152.600000 3 24.937500 800 -29847.763719 29272.531026 66768.851862 0 0 0.672383 0.787239 9.957133 0.000916 -0.006109 0.011606 26.023438
2023-04-25T11:15:41.4679387Z 1682421341.467939 60.000000 2247 eziemag AAAAAPeiZQ0A 39.255640 -76.956960 152.600000 3 24.937500 800 -29848.306669 29272.674940 66765.934323 0 0 0.663410 0.795015 9.942776 0.001527 -0.006414 0.011759 26.027344
2023-04-25T11:16:41.4757893Z 1682421401.475789 60.000000 2248 eziemag AAAAAPeiZQ0A 39.255640 -76.956960 152.600000 3 24.937500 800 -29847.848759 29272.122178 66766.601562 0 0 0.666999 0.793819 9.958329 0.001222 -0.006109 0.011606 26.035156
2023-04-25T11:17:41.498411Z 1682421461.498411 60.000000 2247 eziemag AAAAAPeiZQ0A 39.255640 -76.956960 152.600000 3 24.937500 800 -29847.852030 29271.065715 66767.301510 0 0 0.668196 0.793819 9.951151 0.001069 -0.006414 0.011301 26.003906
2023-04-25T11:18:41.509554Z 1682421521.509554 60.000000 2246 eziemag AAAAAPeiZQ0A 39.255640 -76.956960 152.600000 3 24.875000 800 -29848.009027 29271.608665 66769.905054 0 0 0.661615 0.783649 9.942776 0.001069 -0.006109 0.011301 25.957031
2023-04-25T11:19:41.5226915Z 1682421581.522691 60.000000 2246 eziemag AAAAAPeiZQ0A 39.255640 -76.956960 152.600000 3 24.875000 800 -29849.389298 29272.243197 66768.655615 0 0 0.671785 0.789033 9.945169 0.001069 -0.006109 0.010843 26.011719
2023-04-25T11:20:41.5341485Z 1682421641.534148 60.000000 2247 eziemag AAAAAPeiZQ0A 39.255640 -76.956960 152.600000 3 24.875000 800 -29848.862702 29270.800781 66768.727572 0 0 0.672981 0.790230 9.941580 0.001069 -0.006720 0.011454 26.019531
2023-04-25T11:21:41.5440822Z 1682421701.544082 60.000000 2248 eziemag AAAAAPeiZQ0A 39.255640 -76.956960 152.600000 3 24.812500 800 -29849.637878 29270.732095 66768.518242 0 0 0.664008 0.786042 9.945169 0.001222 -0.006109 0.011759 25.996094
2023-04-25T11:22:41.5655026Z 1682421761.565503 60.000000 2248 eziemag AAAAAPeiZQ0A 39.255640 -76.956960 152.600000 3 24.875000 800 -29847.014709 29270.777886 66766.261401 0 0 0.665803 0.800399 9.943374 0.001069 -0.006720 0.011148 25.929688
2023-04-25T11:23:41.5893703Z 1682421821.589370 60.000000 2243 eziemag AAAAAPeiZQ0A 39.255640 -76.956960 152.600000 3 24.875000 800 -29848.349189 29270.944696 66768.564033 0 0 0.665205 0.783051 9.955937 0.000916 -0.005803 0.012217 25.921875
2023-04-25T11:24:41.614742Z 1682421881.614742 60.000000 2245 eziemag AAAAAPeiZQ0A 39.255640 -76.956960 152.600000 3 24.875000 800 -29848.094068 29270.911988 66767.922959 0 0 0.662214 0.786042 9.949356 0.001069 -0.006567 0.012065 25.953125
2023-04-25T11:25:41.616915Z 1682421941.616915 60.000000 2249 eziemag AAAAAPeiZQ0A 39.255640 -76.956960 152.600000 3 24.812500 800 -29847.273101 29272.315154 66770.873206 0 0 0.674776 0.784846 9.948160 0.001374 -0.006109 0.011301 25.933594
2023-04-25T11:26:41.6421595Z 1682422001.642159 60.000000 2248 eziemag AAAAAPeiZQ0A 39.255640 -76.956960 152.600000 3 24.812500 800 -29848.538894 29272.302071 66772.168436 0 0 0.677767 0.798006 9.942178 0.001833 -0.006261 0.011454 25.910156
2023-04-25T11:27:41.6647353Z 1682422061.664735 60.000000 2247 eziemag AAAAAPeiZQ0A 39.255640 -76.956960 152.600000 3 24.812500 800 -29849.853749 29271.072256 66772.449723 0 0 0.668196 0.784248 9.947562 0.001069 -0.006414 0.011454 25.941406
2023-04-25T11:28:41.673141Z 1682422121.673141 60.000000 2248 eziemag AAAAAPeiZQ0A 39.255640 -76.956960 152.600000 3 24.812500 800 -29849.788334 29270.660138 66772.737552 0 0 0.672981 0.787837 9.947562 0.001222 -0.006414 0.011912 25.906250
2023-04-25T11:29:41.6831887Z 1682422181.683189 60.000000 2247 eziemag AAAAAPeiZQ0A 39.255640 -76.956960 152.600000 3 24.812500 800 -29849.739272 29270.009252 66770.879747 0 0 0.666401 0.795614 9.948758 0.001527 -0.005956 0.012065 25.925781
2023-04-25T11:30:41.6979375Z 1682422241.697937 60.000000 2248 eziemag AAAAAPeiZQ0A 39.255640 -76.956960 152.600000 3 24.812500 800 -29847.381037 29271.409147 66772.665595 0 0 0.678963 0.785444 9.957731 0.001527 -0.006261 0.011148 25.902344
2023-04-25T11:31:41.713989Z 1682422301.713989 60.000000 2246 eziemag AAAAAPeiZQ0A 39.255640 -76.956960 152.600000 3 24.812500 800 -29848.499645 29270.925071 66769.486394 0 0 0.667598 0.797408 9.952347 0.001069 -0.006261 0.011912 25.886719
2023-04-25T11:32:41.71779Z 1682422361.717790 60.000000 2249 eziemag AAAAAPeiZQ0A 39.255640 -76.956960 152.600000 3 24.812500 800 -29847.528222 29271.925931 66767.635130 0 0 0.671187 0.793819 9.940383 0.001222 -0.006109 0.011759 25.929688
2023-04-25T11:33:41.7397585Z 1682422421.739758 60.000000 2249 eziemag AAAAAPeiZQ0A 39.255640 -76.956960 152.600000 3 24.750000 800 -29847.734282 29271.046090 66768.459368 0 0 0.673580 0.790230 9.954142 0.000916 -0.006414 0.011454 25.859375
2023-04-25T11:34:41.7617514Z 1682422481.761751 60.000000 2248 eziemag AAAAAPeiZQ0A 39.255640 -76.956960 152.600000 3 24.750000 800 -29847.554388 29270.872738 66766.980973 0 0 0.668794 0.788435 9.940981 0.000764 -0.005040 0.011301 25.839844
2023-04-25T11:35:41.765846Z 1682422541.765846 60.000000 2247 eziemag AAAAAPeiZQ0A 39.255640 -76.956960 152.600000 3 24.812500 800 -29849.013158 29270.741907 66767.661296 0 0 0.674776 0.792622 9.950553 0.001222 -0.005651 0.011301 25.902344
2023-04-25T11:36:41.7746458Z 1682422601.774646 60.000000 2248 eziemag AAAAAPeiZQ0A 39.255640 -76.956960 152.600000 3 24.750000 800 -29848.630476 29269.629841 66767.334218 0 0 0.656232 0.790230 9.952946 0.001069 -0.006414 0.011606 25.886719
2023-04-25T11:37:41.7883484Z 1682422661.788348 60.000000 2248 eziemag AAAAAPeiZQ0A 39.255640 -76.956960 152.600000 3 24.750000 800 -29849.726189 29269.538259 66766.647353 0 0 0.661615 0.783649 9.946365 0.001374 -0.006414 0.011454 25.851562
2023-04-25T11:38:41.789843Z 1682422721.789843 60.000000 2246 eziemag AAAAAPeiZQ0A 39.255640 -76.956960 152.600000 3 24.687500 800 -29850.746673 29270.787698 66769.434061 0 0 0.671785 0.792622 9.951749 0.001680 -0.005956 0.011606 25.863281
2023-04-25T11:39:41.8119588Z 1682422781.811959 60.000000 2246 eziemag AAAAAPeiZQ0A 39.255640 -76.956960 152.600000 3 24.750000 800 -29850.331284 29270.781157 66767.752878 0 0 0.662214 0.793819 9.957731 0.000764 -0.005956 0.011148 25.839844
2023-04-25T11:40:41.8248296Z 1682422841.824830 60.000000 2248 eziemag AAAAAPeiZQ0A 39.255640 -76.956960 152.600000 3 24.687500 800 -29846.658194 29268.442546 66765.626869 0 0 0.672383 0.788435 9.954740 0.001680 -0.005803 0.011606 25.847656
2023-04-25T11:41:41.8274074Z 1682422901.827407 60.000000 2247 eziemag AAAAAPeiZQ0A 39.255640 -76.956960 152.600000 3 24.687500 800 -29847.273101 29269.744318 66768.132289 0 0 0.674178 0.806381 9.957731 0.001222 -0.006414 0.010996 25.839844
2023-04-25T11:42:41.8308942Z 1682422961.830894 60.000000 2246 eziemag AAAAAPeiZQ0A 39.255640 -76.956960 152.600000 3 24.750000 800 -29847.727740 29269.636382 66767.242636 0 0 0.665205 0.794417 9.946964 0.001833 -0.006261 0.011759 25.824219
2023-04-25T11:43:41.84047Z 1682423021.840470 60.000000 2243 eziemag AAAAAPeiZQ0A 39.255640 -76.956960 152.600000 3 24.750000 800 -29849.088386 29269.384532 66766.810893 0 0 0.669392 0.786640 9.948160 0.001222 -0.005651 0.011606 25.792969
2023-04-25T11:44:41.8513598Z 1682423081.851360 60.000000 2248 eziemag AAAAAPeiZQ0A 39.255640 -76.956960 152.600000 3 24.750000 800 -29850.167744 29270.326518 66766.366066 0 0 0.664008 0.790230 9.951749 0.001222 -0.005956 0.010843 25.804688
2023-04-25T11:45:41.8514805Z 1682423141.851480 60.000000 2246 eziemag AAAAAPeiZQ0A 39.255640 -76.956960 152.600000 3 24.750000 800 -29849.778521 29269.763943 66766.640812 0 0 0.660419 0.801596 9.949955 0.001527 -0.006720 0.011301 25.808594
2023-04-25T11:46:41.875441Z 1682423201.875441 60.000000 2247 eziemag AAAAAPeiZQ0A 39.255640 -76.956960 152.600000 3 24.750000 800 -29850.906942 29269.371449 66766.470731 0 0 0.679562 0.795614 9.951151 0.000764 -0.006567 0.011301 25.761719
2023-04-25T11:47:41.899421Z 1682423261.899421 60.000000 2245 eziemag AAAAAPeiZQ0A 39.255640 -76.956960 152.600000 3 24.687500 800 -29850.092516 29269.564425 66766.719311 0 0 0.673580 0.784248 9.944571 0.001527 -0.006567 0.011912 25.792969
2023-04-25T11:48:41.9099035Z 1682423321.909904 60.000000 2245 eziemag AAAAAPeiZQ0A 39.255640 -76.956960 152.600000 3 24.750000 800 -29852.306837 29268.341152 66766.444565 0 0 0.659821 0.790230 9.941580 0.000916 -0.005651 0.011759 25.796875
2023-04-25T11:49:41.9207814Z 1682423381.920781 60.000000 2246 eziemag AAAAAPeiZQ0A 39.255640 -76.956960 152.600000 3 24.687500 800 -29847.825863 29268.570107 66764.913838 0 0 0.674776 0.795015 9.943374 0.001222 -0.006720 0.011301 25.777344
2023-04-25T11:50:41.9249504Z 1682423441.924950 60.000000 2247 eziemag AAAAAPeiZQ0A 39.255640 -76.956960 152.600000 3 24.687500 800 -29848.094068 29268.625710 66763.324237 0 0 0.678365 0.786042 9.943973 0.000916 -0.006261 0.011912 25.765625
2023-04-25T11:51:41.933443Z 1682423501.933443 60.000000 2246 eziemag AAAAAPeiZQ0A 39.255640 -76.956960 152.600000 3 24.687500 800 -29848.470208 29266.869299 66763.422361 0 0 0.672383 0.785444 9.940981 0.001222 -0.005956 0.011148 25.757812
2023-04-25T11:52:41.9391367Z 1682423561.939137 60.000000 2247 eziemag AAAAAPeiZQ0A 39.255640 -76.956960 152.600000 3 24.687500 800 -29845.326985 29266.888924 66763.265363 0 0 0.669990 0.794417 9.948160 0.000764 -0.006872 0.010996 25.757812
2023-04-25T11:53:41.9534395Z 1682423621.953439 60.000000 2246 eziemag AAAAAPeiZQ0A 39.255640 -76.956960 152.600000 3 24.687500 800 -29844.322854 29265.567528 66762.977534 0 0 0.669990 0.786640 9.946365 0.000764 -0.005498 0.011148 25.757812
2023-04-25T11:54:41.9577885Z 1682423681.957788 60.000000 2249 eziemag AAAAAPeiZQ0A 39.255640 -76.956960 152.600000 3 24.687500 800 -29844.780764 29265.161951 66760.903858 0 0 0.661615 0.786640 9.949356 0.000916 -0.006261 0.011454 25.757812
2023-04-25T11:55:41.980042Z 1682423741.980042 60.000000 2245 eziemag AAAAAPeiZQ0A 39.255640 -76.956960 152.600000 3 24.625000 800 -29849.461255 29266.591283 66762.225254 0 0 0.650848 0.795614 9.950553 0.001069 -0.005956 0.011301 25.765625
2023-04-25T11:56:42.0023978Z 1682423802.002398 60.000000 2248 eziemag AAAAAPeiZQ0A 39.255640 -76.956960 152.600000 3 24.687500 800 -29847.338517 29265.744150 66763.448527 0 0 0.667598 0.798006 9.949356 0.001527 -0.006261 0.011454 25.785156
2023-04-25T11:57:42.0233963Z 1682423862.023396 60.000000 2247 eziemag AAAAAPeiZQ0A 39.255640 -76.956960 152.600000 3 24.625000 800 -29847.204415 29265.842273 66764.639092 0 0 0.668196 0.802792 9.939785 0.001069 -0.005192 0.011912 25.765625
2023-04-25T11:58:42.0315719Z 1682423922.031572 60.000000 2248 eziemag AAAAAPeiZQ0A 39.255640 -76.956960 152.600000 3 24.625000 800 -29848.610852 29263.860179 66761.590722 0 0 0.660419 0.796212 9.949356 0.000305 -0.005803 0.011454 25.761719
2023-04-25T11:59:42.043527Z 1682423982.043527 60.000000 2247 eziemag AAAAAPeiZQ0A 39.255640 -76.956960 152.600000 3 24.625000 800 -29847.204415 29264.285381 66758.535810 0 0 0.663410 0.798605 9.942776 0.001527 -0.006567 0.011759 25.726562
