2023-04-25T17:00:45.8580887Z 1682442045.858089 60.000000 2248 eziemag AAAAAPeiZQ0A 39.255640 -76.956960 152.600000 3 24.500000 800 -29527.066668 29004.487048 66040.088592 0 0 0.687936 0.791426 9.946964 0.000764 -0.006261 0.011301 25.570312
2023-04-25T17:01:45.8662257Z 1682442105.866226 60.000000 2247 eziemag AAAAAPeiZQ0A 39.255640 -76.956960 152.600000 3 24.500000 800 -29529.006243 29007.591021 66041.835190 0 0 0.683151 0.791426 9.942178 0.001222 -0.005803 0.011301 25.578125
2023-04-25T17:02:45.8885193Z 1682442165.888519 60.000000 2246 eziemag AAAAAPeiZQ0A 39.255640 -76.956960 152.600000 3 24.500000 800 -29526.926024 29003.237608 66042.103394 0 0 0.684945 0.790828 9.945169 0.001680 -0.006109 0.011912 25.605469
2023-04-25T17:03:45.903958Z 1682442225.903958 60.000000 2239 eziemag AAAAAPeiZQ0A 39.255640 -76.956960 152.600000 3 24.500000 800 -29527.325060 29004.958041 66040.788539 0 0 0.681954 0.796212 9.939785 0.001527 -0.006261 0.011606 25.578125
2023-04-25T17:04:45.9108577Z 1682442285.910858 60.000000 2246 eziemag AAAAAPeiZQ0A 39.255640 -76.956960 152.600000 3 24.500000 800 -29526.324200 29005.056164 66041.880981 0 0 0.678365 0.786042 9.940383 0.001527 -0.006567 0.011454 25.578125
2023-04-25T17:05:45.9228716Z 1682442345.922872 60.000000 2248 eziemag AAAAAPeiZQ0A 39.255640 -76.956960 152.600000 3 24.500000 800 -29525.879374 29003.260504 66040.690416 0 0 0.696311 0.795614 9.941580 0.001222 -0.005956 0.012065 25.546875
2023-04-25T17:06:45.9442081Z 1682442405.944208 60.000000 2248 eziemag AAAAAPeiZQ0A 39.255640 -76.956960 152.600000 3 24.500000 800 -29527.246561 29003.734767 66041.207199 0 0 0.681356 0.787239 9.952347 0.001374 -0.006414 0.011148 25.570312
2023-04-25T17:07:45.9705667Z 1682442465.970567 60.000000 2246 eziemag AAAAAPeiZQ0A 39.255640 -76.956960 152.600000 3 24.562500 800 -29532.093862 29004.624421 66041.311865 0 0 0.683151 0.789631 9.955338 0.000916 -0.006109 0.011606 25.558594
2023-04-25T17:08:45.9776146Z 1682442525.977615 60.000000 2224 eziemag AAAAAPeiZQ0A 39.255640 -76.956960 152.600000 3 24.562500 800 -29529.657128 29004.231927 66039.990468 0 0 0.680758 0.784248 9.948758 0.001527 -0.006567 0.011454 25.554688
2023-04-25T17:09:45.9861853Z 1682442585.986185 60.000000 2249 eziemag AAAAAPeiZQ0A 39.255640 -76.956960 152.600000 3 24.562500 800 -29526.742860 29002.540932 66038.963442 0 0 0.684945 0.791426 9.956535 0.001374 -0.005956 0.011301 25.585938
2023-04-25T17:10:45.990956Z 1682442645.990956 60.000000 2248 eziemag AAAAAPeiZQ0A 39.255640 -76.956960 152.600000 3 24.562500 800 -29525.078032 29002.854927 66038.060706 0 0 0.687338 0.789033 9.943973 0.000764 -0.005345 0.011912 25.582031
2023-04-25T17:11:46.0031307Z 1682442706.003131 60.000000 2249 eziemag AAAAAPeiZQ0A 39.255640 -76.956960 152.600000 3 24.562500 800 -29528.257233 29003.688977 66040.232506 0 0 0.675374 0.798605 9.948160 0.001374 -0.006414 0.011606 25.519531
2023-04-25T17:12:46.0261703Z 1682442766.026170 60.000000 2248 eziemag AAAAAPeiZQ0A 39.255640 -76.956960 152.600000 3 24.562500 800 -29526.330742 29002.711012 66038.492449 0 0 0.666999 0.782453 9.943973 0.001069 -0.006720 0.011759 25.554688
2023-04-25T17:13:46.0385962Z 1682442826.038596 60.000000 2248 eziemag AAAAAPeiZQ0A 39.255640 -76.956960 152.600000 3 24.625000 800 -29526.055996 29001.347096 66038.152288 0 0 0.693320 0.786640 9.943973 0.001527 -0.006414 0.011148 25.562500
2023-04-25T17:14:46.0407271Z 1682442886.040727 60.000000 2249 eziemag AAAAAPeiZQ0A 39.255640 -76.956960 152.600000 3 24.562500 800 -29525.921894 29002.073209 66037.400007 0 0 0.678365 0.792024 9.945767 0.001374 -0.005651 0.011148 25.593750
2023-04-25T17:15:46.0483427Z 1682442946.048343 60.000000 2245 eziemag AAAAAPeiZQ0A 39.255640 -76.956960 152.600000 3 24.562500 800 -29528.388064 29003.286670 66038.695238 0 0 0.685544 0.783649 9.951151 0.000764 -0.006109 0.011301 25.574219
2023-04-25T17:16:46.0667384Z 1682443006.066738 60.000000 2247 eziemag AAAAAPeiZQ0A 39.255640 -76.956960 152.600000 3 24.562500 800 -29528.888494 29002.877822 66037.916791 0 0 0.684945 0.796212 9.949356 0.001374 -0.006261 0.011454 25.566406
2023-04-25T17:17:46.084453Z 1682443066.084453 60.000000 2248 eziemag AAAAAPeiZQ0A 39.255640 -76.956960 152.600000 3 24.625000 800 -29530.092143 29003.901577 66038.466283 0 0 0.683151 0.790828 9.948758 0.001222 -0.006567 0.011454 25.535156
2023-04-25T17:18:46.1108336Z 1682443126.110834 60.000000 2248 eziemag AAAAAPeiZQ0A 39.255640 -76.956960 152.600000 3 24.562500 800 -29529.431444 29004.068387 66038.551323 0 0 0.690928 0.790230 9.921241 0.001985 -0.006720 0.011759 25.531250
2023-04-25T17:19:46.1314344Z 1682443186.131434 60.000000 2247 eziemag AAAAAPeiZQ0A 39.255640 -76.956960 152.600000 3 24.562500 800 -29530.147746 29005.553323 66037.897167 0 0 0.684945 0.793221 9.940981 0.000764 -0.006261 0.011301 25.507812
2023-04-25T17:20:46.145797Z 1682443246.145797 60.000000 2246 eziemag AAAAAPeiZQ0A 39.255640 -76.956960 152.600000 3 24.562500 800 -29531.253271 29003.872140 66034.776839 0 0 0.683749 0.795015 9.934401 0.001833 -0.005651 0.011759 25.535156
2023-04-25T17:21:46.1604898Z 1682443306.160490 60.000000 2247 eziemag AAAAAPeiZQ0A 39.255640 -76.956960 152.600000 3 24.562500 800 -29533.415259 29003.872140 66033.540483 0 0 0.689731 0.781257 9.940383 0.001374 -0.005956 0.011759 25.511719
2023-04-25T17:22:46.1778634Z 1682443366.177863 60.000000 2247 eziemag AAAAAPeiZQ0A 39.255640 -76.956960 152.600000 3 24.562500 800 -29533.248449 29003.770746 66035.411371 0 0 0.685544 0.785444 9.947562 0.001374 -0.006261 0.011759 25.550781
2023-04-25T17:23:46.1792073Z 1682443426.179207 60.000000 2230 eziemag AAAAAPeiZQ0A 39.255640 -76.956960 152.600000 3 24.562500 800 -29534.645073 29005.654717 66034.587134 0 0 0.680160 0.790230 9.945169 0.000764 -0.006414 0.011148 25.511719
2023-04-25T17:24:46.199831Z 1682443486.199831 60.000000 2249 eziemag AAAAAPeiZQ0A 39.255640 -76.956960 152.600000 3 24.562500 800 -29534.242767 29004.925333 66034.155390 0 0 0.677767 0.789631 9.955338 0.001527 -0.006567 0.010996 25.500000
2023-04-25T17:25:46.2057397Z 1682443546.205740 60.000000 2249 eziemag AAAAAPeiZQ0A 39.255640 -76.956960 152.600000 3 24.562500 800 -29533.771774 29005.586031 66034.888046 0 0 0.686142 0.792024 9.943973 0.000916 -0.005651 0.011606 25.519531
2023-04-25T17:26:46.2259164Z 1682443606.225916 60.000000 2249 eziemag AAAAAPeiZQ0A 39.255640 -76.956960 152.600000 3 24.562500 800 -29534.017083 29004.843563 66035.790782 0 0 0.678365 0.792622 9.951151 0.000458 -0.006261 0.011148 25.542969
2023-04-25T17:27:46.2489033Z 1682443666.248903 60.000000 2243 eziemag AAAAAPeiZQ0A 39.255640 -76.956960 152.600000 3 24.562500 800 -29534.121748 29004.935145 66035.136625 0 0 0.675374 0.793819 9.955338 0.001527 -0.007330 0.011912 25.503906
2023-04-25T17:28:46.2693107Z 1682443726.269311 60.000000 2249 eziemag AAAAAPeiZQ0A 39.255640 -76.956960 152.600000 3 24.562500 800 -29532.335900 29004.709461 66035.051585 0 0 0.674776 0.787239 9.948160 0.001222 -0.006261 0.011301 25.550781
2023-04-25T17:29:46.2949383Z 1682443786.294938 60.000000 2249 eziemag AAAAAPeiZQ0A 39.255640 -76.956960 152.600000 3 24.562500 800 -29532.620458 29004.879542 66033.932977 0 0 0.678963 0.789033 9.944571 0.000916 -0.006414 0.011301 25.527344
2023-04-25T17:30:46.31742Z 1682443846.317420 60.000000 2246 eziemag AAAAAPeiZQ0A 39.255640 -76.956960 152.600000 3 24.562500 800 -29531.017774 29005.553323 66031.388307 0 0 0.683151 0.780060 9.949955 0.001680 -0.006414 0.010996 25.531250
2023-04-25T17:31:46.3300889Z 1682443906.330089 60.000000 2248 eziemag AAAAAPeiZQ0A 39.255640 -76.956960 152.600000 3 24.562500 800 -29533.922230 29006.465872 66034.508635 0 0 0.676571 0.777667 9.938589 0.001833 -0.005803 0.011454 25.496094
2023-04-25T17:32:46.3465106Z 1682443966.346511 60.000000 2247 eziemag AAAAAPeiZQ0A 39.255640 -76.956960 152.600000 3 24.562500 800 -29532.983515 29006.524746 66036.209442 0 0 0.685544 0.785444 9.942776 0.001680 -0.005956 0.011912 25.492188
2023-04-25T17:33:46.3647513Z 1682444026.364751 60.000000 2249 eziemag AAAAAPeiZQ0A 39.255640 -76.956960 152.600000 3 24.562500 800 -29532.548501 29006.423352 66034.855338 0 0 0.690928 0.795614 9.952946 0.001069 -0.006414 0.010996 25.527344
2023-04-25T17:34:46.372532Z 1682444086.372532 60.000000 2249 eziemag AAAAAPeiZQ0A 39.255640 -76.956960 152.600000 3 24.562500 800 -29530.733216 29005.177183 66033.880644 0 0 0.681356 0.787239 9.948758 0.001680 -0.006720 0.011606 25.464844
2023-04-25T17:35:46.37739Z 1682444146.377390 60.000000 2249 eziemag AAAAAPeiZQ0A 39.255640 -76.956960 152.600000 3 24.562500 800 -29532.525606 29006.789679 66033.887186 0 0 0.686740 0.790828 9.949955 0.001222 -0.005956 0.011301 25.500000
2023-04-25T17:36:46.4022014Z 1682444206.402201 60.000000 2247 eziemag AAAAAPeiZQ0A 39.255640 -76.956960 152.600000 3 24.562500 800 -29531.155147 29006.406998 66035.483328 0 0 0.680758 0.793819 9.952347 0.000458 -0.005803 0.011606 25.476562
2023-04-25T17:37:46.4102793Z 1682444266.410279 60.000000 2248 eziemag AAAAAPeiZQ0A 39.255640 -76.956960 152.600000 3 24.500000 800 -29527.887635 29006.423352 66034.750673 0 0 0.681356 0.793819 9.942178 0.001374 -0.006872 0.011606 25.527344
2023-04-25T17:38:46.4142709Z 1682444326.414271 60.000000 2244 eziemag AAAAAPeiZQ0A 39.255640 -76.956960 152.600000 3 24.562500 800 -29526.906400 29008.376009 66036.229067 0 0 0.689731 0.789033 9.943973 0.001527 -0.006261 0.011454 25.464844
2023-04-25T17:39:46.4298966Z 1682444386.429897 60.000000 2247 eziemag AAAAAPeiZQ0A 39.255640 -76.956960 152.600000 3 24.500000 800 -29528.057715 29008.447967 66036.444939 0 0 0.684347 0.783051 9.958329 0.000458 -0.005956 0.012065 25.445312
2023-04-25T17:40:46.4508753Z 1682444446.450875 60.000000 2249 eziemag AAAAAPeiZQ0A 39.255640 -76.956960 152.600000 3 24.500000 800 -29527.861468 29009.200247 66036.189818 0 0 0.676571 0.798605 9.955338 0.001069 -0.005498 0.011606 25.460938
2023-04-25T17:41:46.476984Z 1682444506.476984 60.000000 2248 eziemag AAAAAPeiZQ0A 39.255640 -76.956960 152.600000 3 24.500000 800 -29528.149297 29008.850273 66037.563547 0 0 0.691526 0.784846 9.952946 0.001222 -0.005803 0.011606 25.500000
2023-04-25T17:42:46.488997Z 1682444566.488997 60.000000 2201 eziemag AAAAAPeiZQ0A 39.255640 -76.956960 152.600000 3 24.562500 800 -29526.638195 29009.272204 66037.988749 0 0 0.690928 0.787837 9.954142 0.000916 -0.006567 0.010996 25.437500
2023-04-25T17:43:46.4931796Z 1682444626.493180 60.000000 2245 eziemag AAAAAPeiZQ0A 39.255640 -76.956960 152.600000 3 24.500000 800 -29526.428865 29008.712900 66036.072069 0 0 0.692722 0.802194 9.948160 0.000764 -0.006414 0.011454 25.480469
2023-04-25T17:44:46.4989345Z 1682444686.498935 60.000000 2246 eziemag AAAAAPeiZQ0A 39.255640 -76.956960 152.600000 3 24.500000 800 -29525.002804 29008.591881 66039.696097 0 0 0.677767 0.786042 9.940383 0.001833 -0.006261 0.011759 25.484375
2023-04-25T17:45:46.515425Z 1682444746.515425 60.000000 2246 eziemag AAAAAPeiZQ0A 39.255640 -76.956960 152.600000 3 24.500000 800 -29526.255514 29010.390812 66040.481086 0 0 0.672981 0.784846 9.955338 0.000916 -0.005651 0.011912 25.484375
2023-04-25T17:46:46.5234609Z 1682444806.523461 60.000000 2248 eziemag AAAAAPeiZQ0A 39.255640 -76.956960 152.600000 3 24.500000 800 -29525.028970 29010.551080 66039.277437 0 0 0.690928 0.792024 9.958329 0.001069 -0.006109 0.011301 25.484375
2023-04-25T17:47:46.5338206Z 1682444866.533821 60.000000 2247 eziemag AAAAAPeiZQ0A 39.255640 -76.956960 152.600000 3 24.500000 800 -29527.684846 29010.413707 66037.890625 0 0 0.684347 0.783051 9.934999 0.001833 -0.005345 0.011301 25.484375
2023-04-25T17:48:46.5420256Z 1682444926.542026 60.000000 2246 eziemag AAAAAPeiZQ0A 39.255640 -76.956960 152.600000 3 24.500000 800 -29529.274447 29011.339339 66039.643765 0 0 0.684347 0.791426 9.944571 0.000458 -0.006414 0.011606 25.457031
2023-04-25T17:49:46.5498703Z 1682444986.549870 60.000000 2240 eziemag AAAAAPeiZQ0A 39.255640 -76.956960 152.600000 3 24.500000 800 -29527.681575 29011.280465 66034.835713 0 0 0.681954 0.801596 9.941580 0.000916 -0.005803 0.011454 25.445312
2023-04-25T17:50:46.558975Z 1682445046.558975 60.000000 2247 eziemag AAAAAPeiZQ0A 39.255640 -76.956960 152.600000 3 24.500000 800 -29525.728917 29009.160997 66036.438397 0 0 0.690928 0.792024 9.953544 0.001069 -0.007178 0.011759 25.472656
2023-04-25T17:51:46.5738459Z 1682445106.573846 60.000000 2244 eziemag AAAAAPeiZQ0A 39.255640 -76.956960 152.600000 3 24.500000 800 -29527.226936 29009.926361 66034.848796 0 0 0.678365 0.796810 9.949356 0.001527 -0.006109 0.011759 25.457031
2023-04-25T17:52:46.5769904Z 1682445166.576990 60.000000 2247 eziemag AAAAAPeiZQ0A 39.255640 -76.956960 152.600000 3 24.500000 800 -29526.765756 29009.471722 66035.359039 0 0 0.671187 0.791426 9.951151 0.001374 -0.006109 0.011912 25.449219
2023-04-25T17:53:46.5776505Z 1682445226.577651 60.000000 2248 eziemag AAAAAPeiZQ0A 39.255640 -76.956960 152.600000 3 24.500000 800 -29527.890905 29011.434192 66039.146606 0 0 0.684945 0.785444 9.948160 0.001374 -0.006261 0.011148 25.425781
2023-04-25T17:54:46.585818Z 1682445286.585818 60.000000 2248 eziemag AAAAAPeiZQ0A 39.255640 -76.956960 152.600000 3 24.500000 800 -29531.567266 29017.985571 66043.640662 0 0 0.677767 0.786640 9.961320 0.000916 -0.006720 0.011454 25.417969
2023-04-25T17:55:46.599187Z 1682445346.599187 60.000000 2248 eziemag AAAAAPeiZQ0A 39.255640 -76.956960 152.600000 3 24.500000 800 -29532.339171 29019.146699 66042.378140 0 0 0.686740 0.798605 9.945169 0.001222 -0.006109 0.011301 25.437500
2023-04-25T17:56:46.6236165Z 1682445406.623616 60.000000 2247 eziemag AAAAAPeiZQ0A 39.255640 -76.956960 152.600000 3 24.562500 800 -29530.164100 29017.328144 66043.032297 0 0 0.683151 0.793819 9.939187 0.001833 -0.006261 0.011606 25.453125
2023-04-25T17:57:46.6394742Z 1682445466.639474 60.000000 2246 eziemag AAAAAPeiZQ0A 39.255640 -76.956960 152.600000 3 24.500000 800 -29530.272036 29017.779512 66042.908007 0 0 0.683151 0.800997 9.952946 0.001069 -0.006414 0.011759 25.414062
2023-04-25T17:58:46.6494458Z 1682445526.649446 60.000000 2248 eziemag AAAAAPeiZQ0A 39.255640 -76.956960 152.600000 3 24.500000 800 -29531.387373 29017.112272 66042.979964 0 0 0.683151 0.799203 9.952946 0.000916 -0.005651 0.011301 25.433594
2023-04-25T17:59:46.6595507Z 1682445586.659551 60.000000 2247 eziemag AAAAAPeiZQ0A 39.255640 -76.956960 152.600000 3 24.562500 800 -29531.730805 29018.806538 66042.888382 0 0 0.692722 0.799203 9.937392 0.001069 -0.006567 0.010843 25.457031
