2023-04-25T08:00:38.767476Z 1682409638.767476 60.000000 2252 eziemag AAAAAPeiZQ0A 39.255640 -76.956960 152.600000 3 25.687500 800 -29819.922810 29269.705069 66773.208545 0 0 0.675972 0.786042 9.949356 0.000764 -0.005956 0.011606 26.792969
2023-04-25T08:01:38.7922885Z 1682409698.792289 60.000000 2251 eziemag AAAAAPeiZQ0A 39.255640 -76.956960 152.600000 3 25.625000 800 -29821.057771 29270.957779 66772.528222 0 0 0.666999 0.797408 9.949955 0.001069 -0.006720 0.011148 26.769531
2023-04-25T08:02:38.8128152Z 1682409758.812815 60.000000 2253 eziemag AAAAAPeiZQ0A 39.255640 -76.956960 152.600000 3 25.687500 800 -29820.884420 29270.179332 66770.611543 0 0 0.657428 0.798006 9.941580 0.001527 -0.005956 0.011454 26.769531
2023-04-25T08:03:38.835988Z 1682409818.835988 60.000000 2247 eziemag AAAAAPeiZQ0A 39.255640 -76.956960 152.600000 3 25.687500 800 -29821.522223 29271.873598 66771.331115 0 0 0.666999 0.781257 9.952946 0.001374 -0.006567 0.011759 26.785156
2023-04-25T08:04:38.8465466Z 1682409878.846547 60.000000 2250 eziemag AAAAAPeiZQ0A 39.255640 -76.956960 152.600000 3 25.687500 800 -29820.884420 29271.382981 66772.181519 0 0 0.672981 0.789631 9.945767 0.000916 -0.005956 0.011606 26.750000
2023-04-25T08:05:38.8522174Z 1682409938.852217 60.000000 2250 eziemag AAAAAPeiZQ0A 39.255640 -76.956960 152.600000 3 25.687500 800 -29820.766672 29272.046950 66772.188061 0 0 0.674178 0.784846 9.945169 0.001222 -0.006414 0.011148 26.757812
2023-04-25T08:06:38.8551784Z 1682409998.855178 60.000000 2253 eziemag AAAAAPeiZQ0A 39.255640 -76.956960 152.600000 3 25.687500 800 -29820.913857 29271.193275 66771.147952 0 0 0.662214 0.783649 9.942776 0.001527 -0.005956 0.011148 26.769531
2023-04-25T08:07:38.866788Z 1682410058.866788 60.000000 2248 eziemag AAAAAPeiZQ0A 39.255640 -76.956960 152.600000 3 25.687500 800 -29820.822275 29271.366627 66772.220769 0 0 0.669990 0.791426 9.946964 0.001527 -0.005956 0.012065 26.765625
2023-04-25T08:08:38.8905876Z 1682410118.890588 60.000000 2250 eziemag AAAAAPeiZQ0A 39.255640 -76.956960 152.600000 3 25.625000 800 -29820.037287 29271.988076 66770.336797 0 0 0.677169 0.790828 9.941580 0.001069 -0.006872 0.011454 26.746094
2023-04-25T08:09:38.9164593Z 1682410178.916459 60.000000 2252 eziemag AAAAAPeiZQ0A 39.255640 -76.956960 152.600000 3 25.687500 800 -29820.226992 29270.490057 66770.271382 0 0 0.662214 0.793221 9.939785 0.001374 -0.006261 0.011606 26.769531
2023-04-25T08:10:38.9404807Z 1682410238.940481 60.000000 2250 eziemag AAAAAPeiZQ0A 39.255640 -76.956960 152.600000 3 25.687500 800 -29816.956209 29270.876009 66768.236954 0 0 0.675972 0.796810 9.949356 0.001374 -0.006109 0.011759 26.785156
2023-04-25T08:11:38.9624295Z 1682410298.962430 60.000000 2247 eziemag AAAAAPeiZQ0A 39.255640 -76.956960 152.600000 3 25.687500 800 -29820.612945 29271.311023 66769.682641 0 0 0.668794 0.795614 9.948160 0.000916 -0.006720 0.011301 26.757812
2023-04-25T08:12:38.9796944Z 1682410358.979694 60.000000 2251 eziemag AAAAAPeiZQ0A 39.255640 -76.956960 152.600000 3 25.687500 800 -29822.568873 29271.582499 66771.363823 0 0 0.678963 0.796810 9.940383 0.001222 -0.006414 0.010996 26.796875
2023-04-25T08:13:38.9834611Z 1682410418.983461 60.000000 2251 eziemag AAAAAPeiZQ0A 39.255640 -76.956960 152.600000 3 25.687500 800 -29820.694714 29270.359225 66769.754598 0 0 0.662812 0.790828 9.951749 0.001069 -0.006567 0.011606 26.742188
2023-04-25T08:14:38.9876158Z 1682410478.987616 60.000000 2250 eziemag AAAAAPeiZQ0A 39.255640 -76.956960 152.600000 3 25.687500 800 -29819.844311 29270.983945 66769.146232 0 0 0.667598 0.793819 9.951151 0.000916 -0.005956 0.011148 26.746094
2023-04-25T08:15:39.0132396Z 1682410539.013240 60.000000 2248 eziemag AAAAAPeiZQ0A 39.255640 -76.956960 152.600000 3 25.687500 800 -29823.393111 29272.112365 66771.193743 0 0 0.664008 0.793221 9.946964 0.001680 -0.006414 0.011148 26.777344
2023-04-25T08:16:39.0260873Z 1682410599.026087 60.000000 2251 eziemag AAAAAPeiZQ0A 39.255640 -76.956960 152.600000 3 25.687500 800 -29821.074125 29271.579228 66771.573153 0 0 0.666401 0.787837 9.949356 0.001527 -0.006414 0.011301 26.789062
2023-04-25T08:17:39.042294Z 1682410659.042294 60.000000 2252 eziemag AAAAAPeiZQ0A 39.255640 -76.956960 152.600000 3 25.687500 800 -29819.759270 29269.796651 66768.590199 0 0 0.660419 0.793221 9.939785 0.001680 -0.006720 0.010996 26.769531
2023-04-25T08:18:39.0432658Z 1682410719.043266 60.000000 2252 eziemag AAAAAPeiZQ0A 39.255640 -76.956960 152.600000 3 25.687500 800 -29820.521363 29269.534988 66769.460227 0 0 0.665205 0.791426 9.945169 0.001222 -0.006261 0.011454 26.753906
2023-04-25T08:19:39.0655193Z 1682410779.065519 60.000000 2251 eziemag AAAAAPeiZQ0A 39.255640 -76.956960 152.600000 3 25.687500 800 -29821.443724 29270.149895 66770.003177 0 0 0.662812 0.792024 9.948758 0.001069 -0.006567 0.011148 26.746094
2023-04-25T08:20:39.0808532Z 1682410839.080853 60.000000 2252 eziemag AAAAAPeiZQ0A 39.255640 -76.956960 152.600000 3 25.687500 800 -29819.654605 29269.381261 66769.970469 0 0 0.653839 0.794417 9.941580 0.001833 -0.005956 0.012065 26.765625
2023-04-25T08:21:39.0851488Z 1682410899.085149 60.000000 2252 eziemag AAAAAPeiZQ0A 39.255640 -76.956960 152.600000 3 25.750000 800 -29821.502598 29268.867748 66770.291006 0 0 0.669990 0.788435 9.949356 0.000611 -0.006261 0.011148 26.757812
2023-04-25T08:22:39.0875957Z 1682410959.087596 60.000000 2252 eziemag AAAAAPeiZQ0A 39.255640 -76.956960 152.600000 3 25.687500 800 -29820.380719 29270.408287 66771.507738 0 0 0.678963 0.790230 9.936196 0.000916 -0.005956 0.011301 26.777344
2023-04-25T08:23:39.1127303Z 1682411019.112730 60.000000 2251 eziemag AAAAAPeiZQ0A 39.255640 -76.956960 152.600000 3 25.687500 800 -29821.093750 29270.162978 66769.931220 0 0 0.675972 0.797408 9.952946 0.000764 -0.005803 0.011454 26.785156
2023-04-25T08:24:39.1191533Z 1682411079.119153 60.000000 2253 eziemag AAAAAPeiZQ0A 39.255640 -76.956960 152.600000 3 25.687500 800 -29821.397933 29269.783568 66769.120066 0 0 0.664606 0.796810 9.948758 0.000916 -0.005498 0.011454 26.730469
2023-04-25T08:25:39.144611Z 1682411139.144611 60.000000 2253 eziemag AAAAAPeiZQ0A 39.255640 -76.956960 152.600000 3 25.625000 800 -29820.688173 29268.537399 66766.732394 0 0 0.671785 0.790828 9.946964 0.001069 -0.005956 0.010996 26.792969
2023-04-25T08:26:39.1694274Z 1682411199.169427 60.000000 2252 eziemag AAAAAPeiZQ0A 39.255640 -76.956960 152.600000 3 25.687500 800 -29820.331657 29269.044371 66767.746337 0 0 0.667598 0.793819 9.947562 0.001527 -0.006109 0.011606 26.808594
2023-04-25T08:27:39.191703Z 1682411259.191703 60.000000 2250 eziemag AAAAAPeiZQ0A 39.255640 -76.956960 152.600000 3 25.687500 800 -29821.561472 29269.809734 66767.419258 0 0 0.667598 0.792024 9.955937 0.000611 -0.005651 0.011301 26.796875
2023-04-25T08:28:39.2124329Z 1682411319.212433 60.000000 2252 eziemag AAAAAPeiZQ0A 39.255640 -76.956960 152.600000 3 25.687500 800 -29820.940023 29268.707480 66767.936042 0 0 0.666999 0.796810 9.944571 0.000764 -0.005956 0.011301 26.816406
2023-04-25T08:29:39.2358155Z 1682411379.235816 60.000000 2251 eziemag AAAAAPeiZQ0A 39.255640 -76.956960 152.600000 3 25.687500 800 -29821.342330 29268.799062 66768.021083 0 0 0.673580 0.784846 9.951749 0.000305 -0.006567 0.012065 26.742188
2023-04-25T08:30:39.251825Z 1682411439.251825 60.000000 2251 eziemag AAAAAPeiZQ0A 39.255640 -76.956960 152.600000 3 25.687500 800 -29821.819864 29269.391074 66769.748056 0 0 0.677767 0.787837 9.946964 0.000611 -0.005803 0.011301 26.785156
2023-04-25T08:31:39.2641878Z 1682411499.264188 60.000000 2249 eziemag AAAAAPeiZQ0A 39.255640 -76.956960 152.600000 3 25.687500 800 -29822.470750 29270.542389 66770.461087 0 0 0.684945 0.787837 9.940383 0.001222 -0.006109 0.011301 26.781250
2023-04-25T08:32:39.2865596Z 1682411559.286560 60.000000 2251 eziemag AAAAAPeiZQ0A 39.255640 -76.956960 152.600000 3 25.687500 800 -29821.960508 29270.506411 66770.958246 0 0 0.660419 0.796212 9.957133 0.000916 -0.005651 0.011606 26.742188
2023-04-25T08:33:39.2925663Z 1682411619.292566 60.000000 2251 eziemag AAAAAPeiZQ0A 39.255640 -76.956960 152.600000 3 25.687500 800 -29822.631018 29269.234076 66771.174118 0 0 0.668196 0.785444 9.947562 0.001069 -0.006414 0.011454 26.750000
2023-04-25T08:34:39.294949Z 1682411679.294949 60.000000 2251 eziemag AAAAAPeiZQ0A 39.255640 -76.956960 152.600000 3 25.687500 800 -29823.350591 29269.757401 66770.879747 0 0 0.671187 0.798006 9.941580 0.001527 -0.006109 0.011606 26.796875
2023-04-25T08:35:39.297311Z 1682411739.297311 60.000000 2248 eziemag AAAAAPeiZQ0A 39.255640 -76.956960 152.600000 3 25.687500 800 -29822.330106 29270.130271 66771.599320 0 0 0.677169 0.802792 9.948758 0.000916 -0.006261 0.011301 26.777344
2023-04-25T08:36:39.3025758Z 1682411799.302576 60.000000 2250 eziemag AAAAAPeiZQ0A 39.255640 -76.956960 152.600000 3 25.687500 800 -29821.695574 29269.862066 66770.251757 0 0 0.665205 0.789033 9.946365 0.000611 -0.005345 0.011454 26.757812
2023-04-25T08:37:39.3039706Z 1682411859.303971 60.000000 2250 eziemag AAAAAPeiZQ0A 39.255640 -76.956960 152.600000 3 25.687500 800 -29822.843619 29270.110646 66769.375187 0 0 0.670589 0.791426 9.949955 0.001222 -0.005956 0.011301 26.730469
2023-04-25T08:38:39.3049264Z 1682411919.304926 60.000000 2248 eziemag AAAAAPeiZQ0A 39.255640 -76.956960 152.600000 3 25.750000 800 -29822.192733 29268.871019 66766.660437 0 0 0.663410 0.784846 9.953544 0.000764 -0.005498 0.011148 26.761719
2023-04-25T08:39:39.315226Z 1682411979.315226 60.000000 2245 eziemag AAAAAPeiZQ0A 39.255640 -76.956960 152.600000 3 25.687500 800 -29822.415147 29268.978955 66770.696583 0 0 0.667598 0.789033 9.942178 0.001069 -0.005956 0.011759 26.777344
2023-04-25T08:40:39.327559Z 1682412039.327559 60.000000 2250 eziemag AAAAAPeiZQ0A 39.255640 -76.956960 152.600000 3 25.687500 800 -29822.516541 29268.851394 66772.083396 0 0 0.670589 0.792622 9.951151 0.001222 -0.006567 0.011912 26.785156
2023-04-25T08:41:39.3411648Z 1682412099.341165 60.000000 2249 eziemag AAAAAPeiZQ0A 39.255640 -76.956960 152.600000 3 25.687500 800 -29821.754448 29267.873430 66767.648213 0 0 0.666999 0.790230 9.948160 0.001374 -0.006414 0.011301 26.777344
2023-04-25T08:42:39.3512635Z 1682412159.351264 60.000000 2250 eziemag AAAAAPeiZQ0A 39.255640 -76.956960 152.600000 3 25.687500 800 -29823.563192 29268.452359 66769.669557 0 0 0.672981 0.806979 9.943374 0.000764 -0.005498 0.011148 26.769531
2023-04-25T08:43:39.370747Z 1682412219.370747 60.000000 2244 eziemag AAAAAPeiZQ0A 39.255640 -76.956960 152.600000 3 25.687500 800 -29824.272952 29269.080349 66770.205966 0 0 0.662812 0.791426 9.949356 0.000916 -0.005956 0.011454 26.816406
2023-04-25T08:44:39.3808Z 1682412279.380800 60.000000 2249 eziemag AAAAAPeiZQ0A 39.255640 -76.956960 152.600000 3 25.687500 800 -29824.295847 29268.154717 66768.871486 0 0 0.666999 0.785444 9.951151 0.000916 -0.005651 0.011148 26.761719
2023-04-25T08:45:39.4066415Z 1682412339.406641 60.000000 2250 eziemag AAAAAPeiZQ0A 39.255640 -76.956960 152.600000 3 25.687500 800 -29823.049679 29268.131822 66770.291006 0 0 0.662812 0.787239 9.946365 0.000611 -0.005956 0.011148 26.738281
2023-04-25T08:46:39.4067082Z 1682412399.406708 60.000000 2251 eziemag AAAAAPeiZQ0A 39.255640 -76.956960 152.600000 3 25.687500 800 -29826.042445 29268.465442 66772.802968 0 0 0.658624 0.789033 9.953544 0.001069 -0.005956 0.011454 26.804688
2023-04-25T08:47:39.4225132Z 1682412459.422513 60.000000 2248 eziemag AAAAAPeiZQ0A 39.255640 -76.956960 152.600000 3 25.687500 800 -29825.744804 29269.718152 66772.600179 0 0 0.664606 0.781257 9.951749 0.001069 -0.005803 0.011148 26.714844
2023-04-25T08:48:39.433466Z 1682412519.433466 60.000000 2250 eziemag AAAAAPeiZQ0A 39.255640 -76.956960 152.600000 3 25.687500 800 -29823.550108 29268.723834 66769.878888 0 0 0.682553 0.796810 9.948160 0.000764 -0.005651 0.010996 26.738281
2023-04-25T08:49:39.4536164Z 1682412579.453616 60.000000 2250 eziemag AAAAAPeiZQ0A 39.255640 -76.956960 152.600000 3 25.687500 800 -29825.208396 29269.338741 66771.396531 0 0 0.664008 0.783051 9.950553 0.001069 -0.006261 0.010996 26.773438
2023-04-25T08:50:39.4599862Z 1682412639.459986 60.000000 2251 eziemag AAAAAPeiZQ0A 39.255640 -76.956960 152.600000 3 25.750000 800 -29825.973759 29269.364907 66772.318892 0 0 0.673580 0.781855 9.951151 0.001374 -0.006109 0.011301 26.804688
2023-04-25T08:51:39.4816837Z 1682412699.481684 60.000000 2250 eziemag AAAAAPeiZQ0A 39.255640 -76.956960 152.600000 3 25.750000 800 -29827.334405 29270.928342 66774.085115 0 0 0.671785 0.781257 9.948758 0.001069 -0.006109 0.011301 26.777344
2023-04-25T08:52:39.4997995Z 1682412759.499799 60.000000 2251 eziemag AAAAAPeiZQ0A 39.255640 -76.956960 152.600000 3 25.687500 800 -29825.538745 29269.691986 66772.848759 0 0 0.668196 0.800399 9.960124 0.000916 -0.006414 0.011759 26.785156
2023-04-25T08:53:39.5000055Z 1682412819.500005 60.000000 2251 eziemag AAAAAPeiZQ0A 39.255640 -76.956960 152.600000 3 25.687500 800 -29825.496225 29269.096703 66772.050688 0 0 0.671187 0.791426 9.953544 0.000916 -0.006109 0.010996 26.773438
2023-04-25T08:54:39.518007Z 1682412879.518007 60.000000 2250 eziemag AAAAAPeiZQ0A 39.255640 -76.956960 152.600000 3 25.687500 800 -29825.021961 29268.952789 66771.337657 0 0 0.669990 0.788435 9.951151 0.001222 -0.006261 0.011301 26.777344
2023-04-25T08:55:39.5392847Z 1682412939.539285 60.000000 2249 eziemag AAAAAPeiZQ0A 39.255640 -76.956960 152.600000 3 25.687500 800 -29825.797137 29268.982226 66772.057229 0 0 0.669990 0.790230 9.956535 0.001222 -0.005956 0.011454 26.792969
2023-04-25T08:56:39.5427246Z 1682412999.542725 60.000000 2251 eziemag AAAAAPeiZQ0A 39.255640 -76.956960 152.600000 3 25.687500 800 -29822.189462 29267.955200 66771.723609 0 0 0.668794 0.786640 9.957731 0.001680 -0.006109 0.011759 26.757812
2023-04-25T08:57:39.5478265Z 1682413059.547827 60.000000 2250 eziemag AAAAAPeiZQ0A 39.255640 -76.956960 152.600000 3 25.687500 800 -29823.978581 29267.677183 66770.238674 0 0 0.674178 0.798605 9.948160 0.001833 -0.006414 0.011148 26.781250
2023-04-25T08:58:39.570165Z 1682413119.570165 60.000000 2250 eziemag AAAAAPeiZQ0A 39.255640 -76.956960 152.600000 3 25.687500 800 -29824.750486 29266.620720 66769.990094 0 0 0.675972 0.795614 9.948758 0.001374 -0.006261 0.011301 26.773438
2023-04-25T08:59:39.5921907Z 1682413179.592191 60.000000 2249 eziemag AAAAAPeiZQ0A 39.255640 -76.956960 152.600000 3 25.687500 800 -29826.804538 29266.319808 66769.133149 0 0 0.669392 0.787239 9.950553 0.001222 -0.006567 0.011454 26.796875
