2023-04-25T13:00:42.770301Z 1682427642.770301 60.000000 2248 eziemag AAAAAPeiZQ0A 39.255640 -76.956960 152.600000 3 24.687500 800 -29793.570107 29423.798221 66708.584405 0 0 0.663410 0.785444 9.954740 0.001833 -0.006109 0.011606 25.707031
2023-04-25T13:01:42.7930899Z 1682427702.793090 60.000000 2245 eziemag AAAAAPeiZQ0A 39.255640 -76.956960 152.600000 3 24.687500 800 -29799.349581 29425.191574 66710.494542 0 0 0.680160 0.781855 9.949356 0.001527 -0.006109 0.011148 25.699219
2023-04-25T13:02:42.7998235Z 1682427762.799824 60.000000 2248 eziemag AAAAAPeiZQ0A 39.255640 -76.956960 152.600000 3 24.687500 800 -29796.360085 29424.959349 66709.709554 0 0 0.666999 0.798006 9.941580 0.001222 -0.005651 0.011301 25.628906
2023-04-25T13:03:42.8187664Z 1682427822.818766 60.000000 2245 eziemag AAAAAPeiZQ0A 39.255640 -76.956960 152.600000 3 24.687500 800 -29798.826256 29426.048520 66706.458396 0 0 0.672383 0.803988 9.943374 0.001527 -0.006414 0.011454 25.589844
2023-04-25T13:04:42.820763Z 1682427882.820763 60.000000 2249 eziemag AAAAAPeiZQ0A 39.255640 -76.956960 152.600000 3 24.687500 800 -29796.932472 29425.247178 66708.119954 0 0 0.667598 0.801596 9.952946 0.000611 -0.006567 0.011148 25.585938
2023-04-25T13:05:42.836269Z 1682427942.836269 60.000000 2248 eziemag AAAAAPeiZQ0A 39.255640 -76.956960 152.600000 3 24.687500 800 -29798.443574 29425.606964 66708.368533 0 0 0.662214 0.786042 9.957133 0.001985 -0.006414 0.011759 25.605469
2023-04-25T13:06:42.8627174Z 1682428002.862717 60.000000 2248 eziemag AAAAAPeiZQ0A 39.255640 -76.956960 152.600000 3 24.625000 800 -29793.838311 29417.887915 66703.946434 0 0 0.669392 0.791426 9.947562 0.001680 -0.006261 0.011301 25.558594
2023-04-25T13:07:42.8712952Z 1682428062.871295 60.000000 2246 eziemag AAAAAPeiZQ0A 39.255640 -76.956960 152.600000 3 24.625000 800 -29795.238206 29416.952471 66702.867075 0 0 0.672981 0.789631 9.945169 0.000611 -0.005803 0.011454 25.617188
2023-04-25T13:08:42.8736591Z 1682428122.873659 60.000000 2247 eziemag AAAAAPeiZQ0A 39.255640 -76.956960 152.600000 3 24.625000 800 -29796.062444 29417.119281 66706.131317 0 0 0.662214 0.790230 9.936794 0.001069 -0.006720 0.011606 25.609375
2023-04-25T13:09:42.891866Z 1682428182.891866 60.000000 2249 eziemag AAAAAPeiZQ0A 39.255640 -76.956960 152.600000 3 24.562500 800 -29791.761364 29417.701480 66704.705256 0 0 0.665205 0.789631 9.948160 0.001374 -0.005651 0.011759 25.605469
2023-04-25T13:10:42.9102027Z 1682428242.910203 60.000000 2248 eziemag AAAAAPeiZQ0A 39.255640 -76.956960 152.600000 3 24.562500 800 -29790.910960 29418.463573 66705.267830 0 0 0.664606 0.793221 9.945169 0.001527 -0.006720 0.010690 25.570312
2023-04-25T13:11:42.932635Z 1682428302.932635 60.000000 2246 eziemag AAAAAPeiZQ0A 39.255640 -76.956960 152.600000 3 24.562500 800 -29793.014074 29418.921483 66704.038016 0 0 0.662812 0.795015 9.943374 0.000611 -0.006567 0.012065 25.574219
2023-04-25T13:12:42.93564Z 1682428362.935640 60.000000 2249 eziemag AAAAAPeiZQ0A 39.255640 -76.956960 152.600000 3 24.562500 800 -29792.376271 29417.044053 66704.894961 0 0 0.665803 0.790828 9.952946 0.001374 -0.005956 0.011301 25.609375
2023-04-25T13:13:42.9524856Z 1682428422.952486 60.000000 2249 eziemag AAAAAPeiZQ0A 39.255640 -76.956960 152.600000 3 24.562500 800 -29780.500056 29411.294015 66705.379037 0 0 0.662812 0.789631 9.952946 0.001069 -0.006109 0.011301 25.613281
2023-04-25T13:14:42.9729943Z 1682428482.972994 60.000000 2247 eziemag AAAAAPeiZQ0A 39.255640 -76.956960 152.600000 3 24.562500 800 -29656.265887 29211.419707 66356.118234 0 0 0.690329 0.780060 9.950553 0.001527 -0.006414 0.011454 25.605469
2023-04-25T13:15:42.97515Z 1682428542.975150 60.000000 2247 eziemag AAAAAPeiZQ0A 39.255640 -76.956960 152.600000 3 24.500000 800 -29528.293212 29006.789679 66041.848273 0 0 0.686740 0.792024 9.951749 0.001222 -0.005956 0.010996 25.613281
2023-04-25T13:16:42.982538Z 1682428602.982538 60.000000 2249 eziemag AAAAAPeiZQ0A 39.255640 -76.956960 152.600000 3 24.562500 800 -29528.090423 29007.208340 66052.589526 0 0 0.695115 0.786042 9.942178 0.001527 -0.006567 0.012065 25.648438
2023-04-25T13:17:42.9967587Z 1682428662.996759 60.000000 2249 eziemag AAAAAPeiZQ0A 39.255640 -76.956960 152.600000 3 24.562500 800 -29531.913969 29006.727534 66054.545455 0 0 0.686740 0.784248 9.946365 0.001374 -0.005651 0.011606 25.582031
2023-04-25T13:18:43.0113974Z 1682428723.011397 60.000000 2248 eziemag AAAAAPeiZQ0A 39.255640 -76.956960 152.600000 3 24.562500 800 -29535.197836 29005.631822 66056.468675 0 0 0.689731 0.784248 9.957731 0.001222 -0.006261 0.011148 25.632812
2023-04-25T13:19:43.0290763Z 1682428783.029076 60.000000 2248 eziemag AAAAAPeiZQ0A 39.255640 -76.956960 152.600000 3 24.562500 800 -29538.507869 29006.076648 66058.607768 0 0 0.685544 0.787837 9.945169 0.001222 -0.006109 0.011759 25.648438
2023-04-25T13:20:43.0411808Z 1682428843.041181 60.000000 2249 eziemag AAAAAPeiZQ0A 39.255640 -76.956960 152.600000 3 24.562500 800 -29536.545398 29004.768335 66060.916941 0 0 0.686142 0.784248 9.946365 0.001069 -0.005956 0.012217 25.632812
2023-04-25T13:21:43.0480146Z 1682428903.048015 60.000000 2249 eziemag AAAAAPeiZQ0A 39.255640 -76.956960 152.600000 3 24.562500 800 -29535.482394 29002.135354 66059.902998 0 0 0.683749 0.779462 9.948758 0.001833 -0.006720 0.011759 25.644531
2023-04-25T13:22:43.0730312Z 1682428963.073031 60.000000 2246 eziemag AAAAAPeiZQ0A 39.255640 -76.956960 152.600000 3 24.625000 800 -29534.710489 29000.280820 66060.674903 0 0 0.680758 0.788435 9.948758 0.000764 -0.006109 0.011454 25.691406
2023-04-25T13:23:43.092448Z 1682429023.092448 60.000000 2242 eziemag AAAAAPeiZQ0A 39.255640 -76.956960 152.600000 3 24.562500 800 -29533.905876 28998.351058 66059.935706 0 0 0.680758 0.781257 9.951151 0.001374 -0.006109 0.011912 25.664062
2023-04-25T13:24:43.1187506Z 1682429083.118751 60.000000 2247 eziemag AAAAAPeiZQ0A 39.255640 -76.956960 152.600000 3 24.625000 800 -29531.220563 28997.880065 66058.673183 0 0 0.675972 0.780060 9.946365 0.001069 -0.005956 0.011454 25.644531
2023-04-25T13:25:43.144304Z 1682429143.144304 60.000000 2247 eziemag AAAAAPeiZQ0A 39.255640 -76.956960 152.600000 3 24.562500 800 -29529.742169 28996.879205 66060.328200 0 0 0.674776 0.793819 9.946365 0.001527 -0.006414 0.010996 25.621094
2023-04-25T13:26:43.153862Z 1682429203.153862 60.000000 2246 eziemag AAAAAPeiZQ0A 39.255640 -76.956960 152.600000 3 24.562500 800 -29529.683295 28996.071322 66064.953088 0 0 0.686142 0.781257 9.952946 0.001222 -0.006109 0.011606 25.636719
2023-04-25T13:27:43.1743557Z 1682429263.174356 60.000000 2245 eziemag AAAAAPeiZQ0A 39.255640 -76.956960 152.600000 3 24.562500 800 -29530.425763 28997.111431 66066.470731 0 0 0.674776 0.789631 9.946365 0.001374 -0.006109 0.011606 25.675781
2023-04-25T13:28:43.1799057Z 1682429323.179906 60.000000 2248 eziemag AAAAAPeiZQ0A 39.255640 -76.956960 152.600000 3 24.562500 800 -29528.267045 28995.109711 66062.591582 0 0 0.679562 0.777667 9.937392 0.001222 -0.006261 0.011148 25.644531
2023-04-25T13:29:43.1989622Z 1682429383.198962 60.000000 2246 eziemag AAAAAPeiZQ0A 39.255640 -76.956960 152.600000 3 24.625000 800 -29526.837713 28994.897110 66063.330779 0 0 0.684347 0.780658 9.944571 0.001374 -0.006109 0.011606 25.640625
2023-04-25T13:30:43.207422Z 1682429443.207422 60.000000 2246 eziemag AAAAAPeiZQ0A 39.255640 -76.956960 152.600000 3 24.625000 800 -29525.738730 28993.866814 66063.023325 0 0 0.680758 0.782453 9.950553 0.001985 -0.006261 0.011301 25.648438
2023-04-25T13:31:43.2152948Z 1682429503.215295 60.000000 2246 eziemag AAAAAPeiZQ0A 39.255640 -76.956960 152.600000 3 24.625000 800 -29525.571920 28994.946172 66061.983216 0 0 0.673580 0.793819 9.943973 0.001680 -0.006567 0.011912 25.632812
2023-04-25T13:32:43.2156856Z 1682429563.215686 60.000000 2247 eziemag AAAAAPeiZQ0A 39.255640 -76.956960 152.600000 3 24.562500 800 -29526.615300 28996.588106 66061.800052 0 0 0.684945 0.790230 9.961919 0.001069 -0.006261 0.011454 25.636719
2023-04-25T13:33:43.2158253Z 1682429623.215825 60.000000 2247 eziemag AAAAAPeiZQ0A 39.255640 -76.956960 152.600000 3 24.625000 800 -29523.825321 28993.706545 66061.087022 0 0 0.687338 0.793221 9.953544 0.001069 -0.005803 0.011606 25.636719
2023-04-25T13:34:43.2303102Z 1682429683.230310 60.000000 2247 eziemag AAAAAPeiZQ0A 39.255640 -76.956960 152.600000 3 24.562500 800 -29522.991272 28995.315771 66061.492599 0 0 0.678365 0.781855 9.947562 0.000305 -0.005651 0.011301 25.707031
2023-04-25T13:35:43.236209Z 1682429743.236209 60.000000 2241 eziemag AAAAAPeiZQ0A 39.255640 -76.956960 152.600000 3 24.625000 800 -29524.443500 28996.421296 66060.328200 0 0 0.683749 0.793221 9.942776 0.001527 -0.006261 0.011606 25.613281
2023-04-25T13:36:43.2489886Z 1682429803.248989 60.000000 2246 eziemag AAAAAPeiZQ0A 39.255640 -76.956960 152.600000 3 24.562500 800 -29523.236580 28996.702583 66060.851525 0 0 0.690928 0.779462 9.940981 0.001374 -0.005651 0.012065 25.656250
2023-04-25T13:37:43.2646694Z 1682429863.264669 60.000000 2248 eziemag AAAAAPeiZQ0A 39.255640 -76.956960 152.600000 3 24.625000 800 -29526.258784 29002.818948 66062.663539 0 0 0.677169 0.786042 9.951749 0.001069 -0.005956 0.011454 25.660156
2023-04-25T13:38:43.2910788Z 1682429923.291079 60.000000 2244 eziemag AAAAAPeiZQ0A 39.255640 -76.956960 152.600000 3 24.625000 800 -29528.074069 29005.429033 66066.032446 0 0 0.683749 0.790828 9.953544 0.001374 -0.006109 0.011301 25.656250
2023-04-25T13:39:43.2914588Z 1682429983.291459 60.000000 2244 eziemag AAAAAPeiZQ0A 39.255640 -76.956960 152.600000 3 24.625000 800 -29528.149297 29005.896755 66064.207349 0 0 0.686740 0.784248 9.945767 0.000916 -0.006261 0.011454 25.648438
2023-04-25T13:40:43.3085766Z 1682430043.308577 60.000000 2248 eziemag AAAAAPeiZQ0A 39.255640 -76.956960 152.600000 3 24.625000 800 -29524.620122 29005.965442 66060.655278 0 0 0.687338 0.784248 9.941580 0.001527 -0.005498 0.011606 25.652344
2023-04-25T13:41:43.3328602Z 1682430103.332860 60.000000 2244 eziemag AAAAAPeiZQ0A 39.255640 -76.956960 152.600000 3 24.625000 800 -29523.357599 29008.634401 66061.047772 0 0 0.675374 0.786042 9.953544 0.001374 -0.006261 0.012065 25.652344
2023-04-25T13:42:43.3444629Z 1682430163.344463 60.000000 2246 eziemag AAAAAPeiZQ0A 39.255640 -76.956960 152.600000 3 24.562500 800 -29524.469666 29009.707218 66060.602946 0 0 0.672981 0.785444 9.942776 0.001680 -0.005956 0.011912 25.628906
2023-04-25T13:43:43.3524816Z 1682430223.352482 60.000000 2246 eziemag AAAAAPeiZQ0A 39.255640 -76.956960 152.600000 3 24.562500 800 -29523.158082 29011.064593 66060.982356 0 0 0.692124 0.786042 9.946964 0.001374 -0.005345 0.010996 25.609375
2023-04-25T13:44:43.3807902Z 1682430283.380790 60.000000 2245 eziemag AAAAAPeiZQ0A 39.255640 -76.956960 152.600000 3 24.625000 800 -29524.554706 29010.750598 66061.616888 0 0 0.678365 0.795015 9.951749 0.000764 -0.006109 0.011759 25.613281
2023-04-25T13:45:43.382926Z 1682430343.382926 60.000000 2248 eziemag AAAAAPeiZQ0A 39.255640 -76.956960 152.600000 3 24.562500 800 -29523.665053 29009.324536 66059.235758 0 0 0.687936 0.786640 9.959526 0.001069 -0.005956 0.011759 25.601562
2023-04-25T13:46:43.4013748Z 1682430403.401375 60.000000 2247 eziemag AAAAAPeiZQ0A 39.255640 -76.956960 152.600000 3 24.500000 800 -29521.434379 29009.576387 66061.924342 0 0 0.686142 0.786042 9.945169 0.000764 -0.006567 0.011301 25.617188
2023-04-25T13:47:43.4026418Z 1682430463.402642 60.000000 2210 eziemag AAAAAPeiZQ0A 39.255640 -76.956960 152.600000 3 24.562500 800 -29523.086124 29011.025344 66062.395335 0 0 0.690928 0.787837 9.949356 0.000611 -0.005803 0.011606 25.625000
2023-04-25T13:48:43.4027545Z 1682430523.402755 60.000000 2247 eziemag AAAAAPeiZQ0A 39.255640 -76.956960 152.600000 3 24.562500 800 -29521.859581 29011.146363 66063.193406 0 0 0.687338 0.772882 9.942178 0.001374 -0.006720 0.011454 25.613281
2023-04-25T13:49:43.4125743Z 1682430583.412574 60.000000 2248 eziemag AAAAAPeiZQ0A 39.255640 -76.956960 152.600000 3 24.562500 800 -29522.801566 29010.420249 66061.760803 0 0 0.684347 0.790230 9.954740 0.000764 -0.006109 0.011454 25.640625
2023-04-25T13:50:43.4200802Z 1682430643.420080 60.000000 2247 eziemag AAAAAPeiZQ0A 39.255640 -76.956960 152.600000 3 24.500000 800 -29521.676417 29010.328667 66062.539249 0 0 0.687338 0.781257 9.942178 0.000916 -0.006109 0.011606 25.613281
2023-04-25T13:51:43.424902Z 1682430703.424902 60.000000 2246 eziemag AAAAAPeiZQ0A 39.255640 -76.956960 152.600000 3 24.500000 800 -29522.889877 29009.867487 66060.936565 0 0 0.686740 0.794417 9.940981 0.000916 -0.005651 0.011912 25.625000
2023-04-25T13:52:43.4256566Z 1682430763.425657 60.000000 2248 eziemag AAAAAPeiZQ0A 39.255640 -76.956960 152.600000 3 24.500000 800 -29521.172716 29009.177351 66059.831041 0 0 0.677767 0.788435 9.944571 0.000916 -0.006261 0.011148 25.617188
2023-04-25T13:53:43.4364254Z 1682430823.436425 60.000000 2247 eziemag AAAAAPeiZQ0A 39.255640 -76.956960 152.600000 3 24.562500 800 -29520.937220 29010.544539 66062.094423 0 0 0.687936 0.784248 9.939187 0.000611 -0.005956 0.011912 25.660156
2023-04-25T13:54:43.4617841Z 1682430883.461784 60.000000 2248 eziemag AAAAAPeiZQ0A 39.255640 -76.956960 152.600000 3 24.500000 800 -29519.753196 29011.496337 66062.290670 0 0 0.680758 0.796810 9.949356 0.001069 -0.006567 0.011301 25.605469
2023-04-25T13:55:43.4857247Z 1682430943.485725 60.000000 2247 eziemag AAAAAPeiZQ0A 39.255640 -76.956960 152.600000 3 24.562500 800 -29520.888158 29012.732693 66060.661820 0 0 0.688535 0.785444 9.949356 0.001527 -0.006414 0.011148 25.621094
2023-04-25T13:56:43.5041823Z 1682431003.504182 60.000000 2246 eziemag AAAAAPeiZQ0A 39.255640 -76.956960 152.600000 3 24.562500 800 -29521.283923 29012.709797 66062.303753 0 0 0.684945 0.784248 9.949955 0.000611 -0.006872 0.012065 25.636719
2023-04-25T13:57:43.5186312Z 1682431063.518631 60.000000 2247 eziemag AAAAAPeiZQ0A 39.255640 -76.956960 152.600000 3 24.500000 800 -29522.572611 29012.281325 66063.010242 0 0 0.687936 0.794417 9.955338 0.001222 -0.006109 0.011301 25.683594
2023-04-25T13:58:43.5326228Z 1682431123.532623 60.000000 2248 eziemag AAAAAPeiZQ0A 39.255640 -76.956960 152.600000 3 24.562500 800 -29522.160493 29011.892102 66062.434584 0 0 0.688535 0.784846 9.946365 0.001222 -0.005803 0.011912 25.671875
2023-04-25T13:59:43.5577664Z 1682431183.557766 60.000000 2246 eziemag AAAAAPeiZQ0A 39.255640 -76.956960 152.600000 3 24.562500 800 -29523.838405 29012.634569 66061.728095 0 0 0.688535 0.780060 9.955937 0.001222 -0.005651 0.011912 25.644531
