2023-04-25T12:00:42.0544734Z 1682424042.054473 60.000000 2248 eziemag AAAAAPeiZQ0A 39.255640 -76.956960 152.600000 3 24.625000 800 -29850.030372 29258.538614 66756.952751 0 0 0.656830 0.790828 9.945169 0.000916 -0.006109 0.011606 25.742188
2023-04-25T12:01:42.0635102Z 1682424102.063510 60.000000 2247 eziemag AAAAAPeiZQ0A 39.255640 -76.956960 152.600000 3 24.625000 800 -29848.538894 29263.425164 66759.006803 0 0 0.669990 0.799801 9.949356 0.001222 -0.006109 0.011912 25.726562
2023-04-25T12:02:42.07803Z 1682424162.078030 60.000000 2247 eziemag AAAAAPeiZQ0A 39.255640 -76.956960 152.600000 3 24.687500 800 -29847.760448 29261.976207 66755.565939 0 0 0.674776 0.799801 9.946964 0.000916 -0.005498 0.011454 25.671875
2023-04-25T12:03:42.0842218Z 1682424222.084222 60.000000 2244 eziemag AAAAAPeiZQ0A 39.255640 -76.956960 152.600000 3 24.625000 800 -29855.728076 29265.767045 66756.076181 0 0 0.680160 0.792622 9.946964 0.001222 -0.006261 0.011301 25.679688
2023-04-25T12:04:42.0943825Z 1682424282.094383 60.000000 2249 eziemag AAAAAPeiZQ0A 39.255640 -76.956960 152.600000 3 24.625000 800 -29848.787474 29266.993589 66757.868571 0 0 0.673580 0.790828 9.955338 0.001833 -0.006261 0.011606 25.667969
2023-04-25T12:05:42.1148005Z 1682424342.114800 60.000000 2249 eziemag AAAAAPeiZQ0A 39.255640 -76.956960 152.600000 3 24.625000 800 -29850.285493 29267.395896 66757.332162 0 0 0.677169 0.790230 9.939187 0.000458 -0.006414 0.011301 25.632812
2023-04-25T12:06:42.1489208Z 1682424402.148921 60.000000 2246 eziemag AAAAAPeiZQ0A 39.255640 -76.956960 152.600000 3 24.625000 800 -29848.009027 29266.820238 66756.599507 0 0 0.666401 0.792622 9.946365 0.000764 -0.006109 0.011148 25.640625
2023-04-25T12:07:42.1524925Z 1682424462.152493 60.000000 2247 eziemag AAAAAPeiZQ0A 39.255640 -76.956960 152.600000 3 24.625000 800 -29850.723778 29264.648438 66756.835003 0 0 0.673580 0.801596 9.942776 0.000153 -0.006414 0.011454 25.601562
2023-04-25T12:08:42.1782243Z 1682424522.178224 60.000000 2243 eziemag AAAAAPeiZQ0A 39.255640 -76.956960 152.600000 3 24.687500 800 -29847.472619 29266.058145 66753.374514 0 0 0.671785 0.786640 9.953544 0.000916 -0.005803 0.010996 25.593750
2023-04-25T12:09:42.178235Z 1682424582.178235 60.000000 2248 eziemag AAAAAPeiZQ0A 39.255640 -76.956960 152.600000 3 24.687500 800 -29846.092348 29264.026989 66756.272428 0 0 0.667598 0.782453 9.936196 0.001527 -0.006109 0.011912 25.566406
2023-04-25T12:10:42.18352Z 1682424642.183520 60.000000 2247 eziemag AAAAAPeiZQ0A 39.255640 -76.956960 152.600000 3 24.687500 800 -29847.940341 29263.801305 66753.832424 0 0 0.680160 0.798605 9.948758 0.001069 -0.006261 0.011148 25.566406
2023-04-25T12:11:42.183591Z 1682424702.183591 60.000000 2247 eziemag AAAAAPeiZQ0A 39.255640 -76.956960 152.600000 3 24.625000 800 -29845.588648 29264.638625 66752.955854 0 0 0.669990 0.789033 9.949356 0.000611 -0.005956 0.011606 25.558594
2023-04-25T12:12:42.1841028Z 1682424762.184103 60.000000 2247 eziemag AAAAAPeiZQ0A 39.255640 -76.956960 152.600000 3 24.625000 800 -29848.388438 29264.834872 66749.312201 0 0 0.664008 0.795614 9.946365 0.001985 -0.006261 0.011301 25.554688
2023-04-25T12:13:42.1935754Z 1682424822.193575 60.000000 2248 eziemag AAAAAPeiZQ0A 39.255640 -76.956960 152.600000 3 24.625000 800 -29847.302538 29263.644307 66752.733440 0 0 0.674776 0.792622 9.955937 0.001222 -0.006567 0.011301 25.523438
2023-04-25T12:14:42.209489Z 1682424882.209489 60.000000 2247 eziemag AAAAAPeiZQ0A 39.255640 -76.956960 152.600000 3 24.562500 800 -29843.770092 29265.789941 66751.340087 0 0 0.674776 0.795015 9.945169 0.000764 -0.005651 0.011912 25.523438
2023-04-25T12:15:42.218229Z 1682424942.218229 60.000000 2241 eziemag AAAAAPeiZQ0A 39.255640 -76.956960 152.600000 3 24.562500 800 -29849.621524 29270.012522 66748.468339 0 0 0.669990 0.784846 9.932607 0.001069 -0.006109 0.011454 25.617188
2023-04-25T12:16:42.2339697Z 1682425002.233970 60.000000 2246 eziemag AAAAAPeiZQ0A 39.255640 -76.956960 152.600000 3 24.562500 800 -29846.131598 29268.975684 66752.111992 0 0 0.661017 0.782453 9.949955 0.001222 -0.006720 0.010996 25.574219
2023-04-25T12:17:42.2343044Z 1682425062.234304 60.000000 2248 eziemag AAAAAPeiZQ0A 39.255640 -76.956960 152.600000 3 24.562500 800 -29845.362964 29267.929033 66749.789735 0 0 0.668196 0.793819 9.949955 0.000764 -0.006109 0.011454 25.601562
2023-04-25T12:18:42.2421062Z 1682425122.242106 60.000000 2247 eziemag AAAAAPeiZQ0A 39.255640 -76.956960 152.600000 3 24.625000 800 -29847.109562 29269.548071 66751.601749 0 0 0.669392 0.799801 9.950553 0.001069 -0.005345 0.010996 25.574219
2023-04-25T12:19:42.251389Z 1682425182.251389 60.000000 2245 eziemag AAAAAPeiZQ0A 39.255640 -76.956960 152.600000 3 24.562500 800 -29846.151222 29273.299660 66752.007327 0 0 0.664008 0.799203 9.946365 0.000916 -0.006567 0.011759 25.558594
2023-04-25T12:20:42.2635806Z 1682425242.263581 60.000000 2249 eziemag AAAAAPeiZQ0A 39.255640 -76.956960 152.600000 3 24.562500 800 -29849.919165 29270.905446 66751.065341 0 0 0.666401 0.798006 9.946365 0.001374 -0.006109 0.011301 25.605469
2023-04-25T12:21:42.2787364Z 1682425302.278736 60.000000 2246 eziemag AAAAAPeiZQ0A 39.255640 -76.956960 152.600000 3 24.625000 800 -29846.651652 29270.306893 66749.730861 0 0 0.667598 0.781855 9.942178 0.001222 -0.005956 0.010843 25.597656
2023-04-25T12:22:42.2863863Z 1682425362.286386 60.000000 2245 eziemag AAAAAPeiZQ0A 39.255640 -76.956960 152.600000 3 24.625000 800 -29845.915726 29271.261962 66750.221479 0 0 0.668794 0.791426 9.952946 0.000916 -0.006109 0.011606 25.625000
2023-04-25T12:23:42.295678Z 1682425422.295678 60.000000 2245 eziemag AAAAAPeiZQ0A 39.255640 -76.956960 152.600000 3 24.562500 800 -29846.452134 29270.584910 66748.775792 0 0 0.673580 0.799203 9.949955 0.000458 -0.006414 0.011606 25.609375
2023-04-25T12:24:42.3036208Z 1682425482.303621 60.000000 2246 eziemag AAAAAPeiZQ0A 39.255640 -76.956960 152.600000 3 24.625000 800 -29846.818462 29270.676491 66750.391560 0 0 0.666401 0.794417 9.936794 0.001527 -0.005956 0.011454 25.589844
2023-04-25T12:25:42.3271303Z 1682425542.327130 60.000000 2247 eziemag AAAAAPeiZQ0A 39.255640 -76.956960 152.600000 3 24.625000 800 -29845.977871 29272.799230 66749.318743 0 0 0.671785 0.781855 9.940981 0.000764 -0.006109 0.011454 25.570312
2023-04-25T12:26:42.3363752Z 1682425602.336375 60.000000 2247 eziemag AAAAAPeiZQ0A 39.255640 -76.956960 152.600000 3 24.562500 800 -29851.413913 29271.268503 66749.914025 0 0 0.666401 0.786042 9.954142 0.001374 -0.005956 0.011606 25.605469
2023-04-25T12:27:42.338957Z 1682425662.338957 60.000000 2242 eziemag AAAAAPeiZQ0A 39.255640 -76.956960 152.600000 3 24.562500 800 -29848.839806 29269.077078 66748.422548 0 0 0.665803 0.790230 9.955937 0.001069 -0.005956 0.011454 25.640625
2023-04-25T12:28:42.3414917Z 1682425722.341492 60.000000 2246 eziemag AAAAAPeiZQ0A 39.255640 -76.956960 152.600000 3 24.562500 800 -29850.210265 29275.818163 66753.989421 0 0 0.662214 0.790828 9.954740 0.001374 -0.006567 0.010996 25.589844
2023-04-25T12:29:42.3478346Z 1682425782.347835 60.000000 2247 eziemag AAAAAPeiZQ0A 39.255640 -76.956960 152.600000 3 24.562500 800 -29846.805379 29276.279344 66755.003364 0 0 0.672383 0.785444 9.952946 0.001222 -0.005956 0.011454 25.574219
2023-04-25T12:30:42.3650012Z 1682425842.365001 60.000000 2247 eziemag AAAAAPeiZQ0A 39.255640 -76.956960 152.600000 3 24.562500 800 -29843.057061 29272.913707 66756.337844 0 0 0.671187 0.796810 9.954142 0.000764 -0.006261 0.010996 25.535156
2023-04-25T12:31:42.37824Z 1682425902.378240 60.000000 2246 eziemag AAAAAPeiZQ0A 39.255640 -76.956960 152.600000 3 24.562500 800 -29808.376944 29391.224488 66724.316874 0 0 0.666401 0.792024 9.950553 0.001374 -0.006414 0.011759 25.546875
2023-04-25T12:32:42.3923826Z 1682425962.392383 60.000000 2247 eziemag AAAAAPeiZQ0A 39.255640 -76.956960 152.600000 3 24.562500 800 -29737.044427 29414.662922 66686.316911 0 0 0.674776 0.787837 9.945767 0.001527 -0.005803 0.012217 25.550781
2023-04-25T12:33:42.3938684Z 1682426022.393868 60.000000 2247 eziemag AAAAAPeiZQ0A 39.255640 -76.956960 152.600000 3 24.500000 800 -29835.341283 29398.685145 66722.890812 0 0 0.669990 0.787837 9.946365 0.001222 -0.006414 0.011606 25.605469
2023-04-25T12:34:42.3971384Z 1682426082.397138 60.000000 2248 eziemag AAAAAPeiZQ0A 39.255640 -76.956960 152.600000 3 24.562500 800 -29808.635336 29415.025979 66710.847787 0 0 0.663410 0.785444 9.954740 0.001527 -0.006109 0.011606 25.566406
2023-04-25T12:35:42.416974Z 1682426142.416974 60.000000 2244 eziemag AAAAAPeiZQ0A 39.255640 -76.956960 152.600000 3 24.562500 800 -29803.297417 29418.640195 66710.736580 0 0 0.675972 0.792024 9.920642 0.001680 -0.005803 0.011606 25.593750
2023-04-25T12:36:42.4366586Z 1682426202.436659 60.000000 2248 eziemag AAAAAPeiZQ0A 39.255640 -76.956960 152.600000 3 24.562500 800 -29798.096871 29422.859506 66711.482319 0 0 0.671187 0.798605 9.965508 0.001680 -0.006109 0.011454 25.613281
2023-04-25T12:37:42.4396956Z 1682426262.439696 60.000000 2248 eziemag AAAAAPeiZQ0A 39.255640 -76.956960 152.600000 3 24.625000 800 -29795.264373 29426.048520 66716.198789 0 0 0.678365 0.795614 9.972686 0.000611 -0.005498 0.011606 25.578125
2023-04-25T12:38:42.4594944Z 1682426322.459494 60.000000 2248 eziemag AAAAAPeiZQ0A 39.255640 -76.956960 152.600000 3 24.562500 800 -29795.810594 29424.367337 66715.086722 0 0 0.662812 0.786640 9.940383 0.001374 -0.006414 0.011454 25.644531
2023-04-25T12:39:42.480899Z 1682426382.480899 60.000000 2245 eziemag AAAAAPeiZQ0A 39.255640 -76.956960 152.600000 3 24.562500 800 -29795.192416 29420.066257 66714.373692 0 0 0.665205 0.803988 9.948160 0.000611 -0.006109 0.011606 25.617188
2023-04-25T12:40:42.4936328Z 1682426442.493633 60.000000 2246 eziemag AAAAAPeiZQ0A 39.255640 -76.956960 152.600000 3 24.625000 800 -29792.948658 29417.475796 66715.335302 0 0 0.671187 0.793819 9.939785 0.001680 -0.005956 0.011301 25.582031
2023-04-25T12:41:42.5193224Z 1682426502.519322 60.000000 2249 eziemag AAAAAPeiZQ0A 39.255640 -76.956960 152.600000 3 24.562500 800 -29793.952789 29418.970544 66714.249402 0 0 0.666999 0.794417 9.957731 0.000764 -0.005956 0.011759 25.667969
2023-04-25T12:42:42.5395951Z 1682426562.539595 60.000000 2249 eziemag AAAAAPeiZQ0A 39.255640 -76.956960 152.600000 3 24.687500 800 -29793.403297 29419.987758 66715.263345 0 0 0.660419 0.786640 9.937392 0.000764 -0.006414 0.011454 25.640625
2023-04-25T12:43:42.5473168Z 1682426622.547317 60.000000 2247 eziemag AAAAAPeiZQ0A 39.255640 -76.956960 152.600000 3 24.625000 800 -29792.019756 29419.363038 66714.975516 0 0 0.671187 0.790828 9.946365 0.001374 -0.006872 0.011912 25.605469
2023-04-25T12:44:42.5679083Z 1682426682.567908 60.000000 2249 eziemag AAAAAPeiZQ0A 39.255640 -76.956960 152.600000 3 24.687500 800 -29791.699219 29416.651559 66715.832461 0 0 0.669392 0.781855 9.945767 0.001222 -0.005803 0.011454 25.621094
2023-04-25T12:45:42.5797012Z 1682426742.579701 60.000000 2248 eziemag AAAAAPeiZQ0A 39.255640 -76.956960 152.600000 3 24.687500 800 -29797.491776 29417.259924 66713.516746 0 0 0.671785 0.790828 9.942776 0.001527 -0.005956 0.012065 25.625000
2023-04-25T12:46:42.5880861Z 1682426802.588086 60.000000 2247 eziemag AAAAAPeiZQ0A 39.255640 -76.956960 152.600000 3 24.687500 800 -29799.454246 29415.294184 66711.632775 0 0 0.669392 0.794417 9.962517 0.000764 -0.005498 0.011759 25.656250
2023-04-25T12:47:42.5927367Z 1682426862.592737 60.000000 2245 eziemag AAAAAPeiZQ0A 39.255640 -76.956960 152.600000 3 24.625000 800 -29793.897185 29418.336012 66713.294333 0 0 0.668196 0.788435 9.953544 0.001069 -0.006109 0.012065 25.667969
2023-04-25T12:48:42.6128614Z 1682426922.612861 60.000000 2249 eziemag AAAAAPeiZQ0A 39.255640 -76.956960 152.600000 3 24.687500 800 -29795.391933 29419.058855 66712.188808 0 0 0.667598 0.790828 9.956535 0.001069 -0.005956 0.011301 25.691406
2023-04-25T12:49:42.6350682Z 1682426982.635068 60.000000 2249 eziemag AAAAAPeiZQ0A 39.255640 -76.956960 152.600000 3 24.625000 800 -29797.779605 29419.922342 66712.221516 0 0 0.665205 0.789033 9.941580 0.000764 -0.005498 0.011912 25.695312
2023-04-25T12:50:42.6453269Z 1682427042.645327 60.000000 2249 eziemag AAAAAPeiZQ0A 39.255640 -76.956960 152.600000 3 24.687500 800 -29794.433594 29419.591993 66713.006504 0 0 0.673580 0.786640 9.954142 0.000764 -0.006261 0.011759 25.656250
2023-04-25T12:51:42.6587315Z 1682427102.658731 60.000000 2247 eziemag AAAAAPeiZQ0A 39.255640 -76.956960 152.600000 3 24.687500 800 -29794.610216 29419.294352 66710.605749 0 0 0.668794 0.792024 9.952946 0.000764 -0.006414 0.011148 25.699219
2023-04-25T12:52:42.6670754Z 1682427162.667075 60.000000 2249 eziemag AAAAAPeiZQ0A 39.255640 -76.956960 152.600000 3 24.750000 800 -29790.662380 29421.825938 66712.064519 0 0 0.668794 0.787239 9.964312 0.001069 -0.005956 0.011606 25.679688
2023-04-25T12:53:42.692523Z 1682427222.692523 60.000000 2248 eziemag AAAAAPeiZQ0A 39.255640 -76.956960 152.600000 3 24.687500 800 -29794.554613 29421.400736 66709.899260 0 0 0.677169 0.795015 9.946964 0.001069 -0.006109 0.011454 25.730469
2023-04-25T12:54:42.7133915Z 1682427282.713392 60.000000 2247 eziemag AAAAAPeiZQ0A 39.255640 -76.956960 152.600000 3 24.687500 800 -29793.736917 29422.604385 66709.742262 0 0 0.666401 0.800997 9.948160 0.001680 -0.006109 0.011759 25.679688
2023-04-25T12:55:42.7373302Z 1682427342.737330 60.000000 2247 eziemag AAAAAPeiZQ0A 39.255640 -76.956960 152.600000 3 24.687500 800 -29794.129411 29423.294520 66707.949873 0 0 0.666401 0.784248 9.953544 0.001222 -0.006414 0.011912 25.652344
2023-04-25T12:56:42.745632Z 1682427402.745632 60.000000 2248 eziemag AAAAAPeiZQ0A 39.255640 -76.956960 152.600000 3 24.687500 800 -29790.423613 29421.668941 66709.029231 0 0 0.672981 0.797408 9.966704 0.000458 -0.005956 0.011912 25.738281
2023-04-25T12:57:42.755454Z 1682427462.755454 60.000000 2247 eziemag AAAAAPeiZQ0A 39.255640 -76.956960 152.600000 3 24.687500 800 -29792.013214 29420.223254 66707.734001 0 0 0.661615 0.789631 9.957731 0.000916 -0.005956 0.011454 25.679688
2023-04-25T12:58:42.7562265Z 1682427522.756227 60.000000 2245 eziemag AAAAAPeiZQ0A 39.255640 -76.956960 152.600000 3 24.750000 800 -29791.251121 29422.355805 66708.695612 0 0 0.674776 0.796810 9.934999 0.000764 -0.006109 0.011912 25.679688
2023-04-25T12:59:42.7628715Z 1682427582.762872 60.000000 2241 eziemag AAAAAPeiZQ0A 39.255640 -76.956960 152.600000 3 24.687500 800 -29791.604366 29423.752430 66708.505906 0 0 0.677169 0.791426 9.940981 0.000916 -0.006109 0.011301 25.652344
