2023-04-25T07:00:37.9966056Z 1682406037.996606 60.000000 2249 eziemag AAAAAPeiZQ0A 39.255640 -76.956960 152.600000 3 25.625000 800 -29813.253682 29268.272466 66773.260878 0 0 0.681954 0.783051 9.948758 0.000305 -0.005803 0.010996 26.757812
2023-04-25T07:01:38.0001674Z 1682406098.000167 60.000000 2249 eziemag AAAAAPeiZQ0A 39.255640 -76.956960 152.600000 3 25.687500 800 -29814.660119 29268.854665 66774.889728 0 0 0.659223 0.785444 9.950553 0.001374 -0.005803 0.010996 26.742188
2023-04-25T07:02:38.0185452Z 1682406158.018545 60.000000 2250 eziemag AAAAAPeiZQ0A 39.255640 -76.956960 152.600000 3 25.687500 800 -29814.983926 29270.375579 66773.535624 0 0 0.664008 0.795614 9.942178 0.000916 -0.006109 0.011606 26.707031
2023-04-25T07:03:38.027113Z 1682406218.027113 60.000000 2248 eziemag AAAAAPeiZQ0A 39.255640 -76.956960 152.600000 3 25.625000 800 -29816.194116 29270.581639 66772.855301 0 0 0.679562 0.793819 9.948160 0.001222 -0.006261 0.011606 26.699219
2023-04-25T07:04:38.0306957Z 1682406278.030696 60.000000 2251 eziemag AAAAAPeiZQ0A 39.255640 -76.956960 152.600000 3 25.687500 800 -29815.670791 29270.506411 66774.091657 0 0 0.673580 0.780060 9.961320 0.001069 -0.005498 0.011454 26.753906
2023-04-25T07:05:38.0460064Z 1682406338.046006 60.000000 2250 eziemag AAAAAPeiZQ0A 39.255640 -76.956960 152.600000 3 25.625000 800 -29815.526876 29269.243888 66773.149671 0 0 0.660419 0.790828 9.942178 0.001680 -0.006414 0.011606 26.750000
2023-04-25T07:06:38.0533495Z 1682406398.053349 60.000000 2249 eziemag AAAAAPeiZQ0A 39.255640 -76.956960 152.600000 3 25.625000 800 -29813.515345 29270.041959 66773.404792 0 0 0.661017 0.796212 9.949955 0.001069 -0.006261 0.011301 26.710938
2023-04-25T07:07:38.063808Z 1682406458.063808 60.000000 2245 eziemag AAAAAPeiZQ0A 39.255640 -76.956960 152.600000 3 25.625000 800 -29814.526017 29270.483515 66774.523400 0 0 0.676571 0.785444 9.951151 0.001680 -0.005803 0.011301 26.761719
2023-04-25T07:08:38.0888157Z 1682406518.088816 60.000000 2247 eziemag AAAAAPeiZQ0A 39.255640 -76.956960 152.600000 3 25.687500 800 -29816.226824 29271.199817 66776.446621 0 0 0.666999 0.788435 9.948758 0.001374 -0.005956 0.011912 26.750000
2023-04-25T07:09:38.1075275Z 1682406578.107527 60.000000 2245 eziemag AAAAAPeiZQ0A 39.255640 -76.956960 152.600000 3 25.687500 800 -29815.553043 29268.154717 66773.646830 0 0 0.665205 0.795614 9.939785 0.001069 -0.006414 0.011454 26.750000
2023-04-25T07:10:38.1181371Z 1682406638.118137 60.000000 2249 eziemag AAAAAPeiZQ0A 39.255640 -76.956960 152.600000 3 25.625000 800 -29813.695238 29268.092573 66773.725329 0 0 0.665803 0.799203 9.942776 0.001222 -0.006261 0.011606 26.765625
2023-04-25T07:11:38.1317337Z 1682406698.131734 60.000000 2247 eziemag AAAAAPeiZQ0A 39.255640 -76.956960 152.600000 3 25.687500 800 -29814.283979 29268.609356 66774.222488 0 0 0.665205 0.790230 9.945169 0.002138 -0.005651 0.011606 26.746094
2023-04-25T07:12:38.1563914Z 1682406758.156391 60.000000 2249 eziemag AAAAAPeiZQ0A 39.255640 -76.956960 152.600000 3 25.625000 800 -29812.131803 29269.135952 66773.365543 0 0 0.669990 0.784248 9.951151 0.001222 -0.005956 0.010996 26.726562
2023-04-25T07:13:38.1726542Z 1682406818.172654 60.000000 2249 eziemag AAAAAPeiZQ0A 39.255640 -76.956960 152.600000 3 25.625000 800 -29814.372290 29268.426192 66774.588816 0 0 0.668196 0.797408 9.946964 0.001374 -0.006109 0.011454 26.714844
2023-04-25T07:14:38.180328Z 1682406878.180328 60.000000 2249 eziemag AAAAAPeiZQ0A 39.255640 -76.956960 152.600000 3 25.687500 800 -29816.858085 29267.579060 66773.960825 0 0 0.663410 0.796212 9.950553 0.001222 -0.006109 0.011606 26.769531
2023-04-25T07:15:38.1978648Z 1682406938.197865 60.000000 2249 eziemag AAAAAPeiZQ0A 39.255640 -76.956960 152.600000 3 25.687500 800 -29816.763233 29269.413969 66774.667315 0 0 0.667598 0.797408 9.948758 0.001833 -0.006414 0.011301 26.738281
2023-04-25T07:16:38.2139263Z 1682406998.213926 60.000000 2247 eziemag AAAAAPeiZQ0A 39.255640 -76.956960 152.600000 3 25.687500 800 -29815.046071 29269.973273 66773.718787 0 0 0.670589 0.792024 9.942178 0.001069 -0.006261 0.011606 26.769531
2023-04-25T07:17:38.2340622Z 1682407058.234062 60.000000 2248 eziemag AAAAAPeiZQ0A 39.255640 -76.956960 152.600000 3 25.625000 800 -29815.912829 29269.001850 66771.154493 0 0 0.670589 0.787239 9.945767 0.001222 -0.006872 0.011759 26.714844
2023-04-25T07:18:38.234762Z 1682407118.234762 60.000000 2251 eziemag AAAAAPeiZQ0A 39.255640 -76.956960 152.600000 3 25.625000 800 -29815.539960 29269.070537 66771.246075 0 0 0.661017 0.790828 9.958329 0.000458 -0.005956 0.011148 26.734375
2023-04-25T07:19:38.2596905Z 1682407178.259691 60.000000 2249 eziemag AAAAAPeiZQ0A 39.255640 -76.956960 152.600000 3 25.687500 800 -29815.729665 29269.135952 66770.552669 0 0 0.668794 0.798006 9.950553 0.000764 -0.006261 0.011454 26.785156
2023-04-25T07:20:38.2857063Z 1682407238.285706 60.000000 2250 eziemag AAAAAPeiZQ0A 39.255640 -76.956960 152.600000 3 25.625000 800 -29814.637223 29268.694397 66770.173258 0 0 0.676571 0.794417 9.933205 0.001374 -0.005498 0.012065 26.761719
2023-04-25T07:21:38.3061259Z 1682407298.306126 60.000000 2248 eziemag AAAAAPeiZQ0A 39.255640 -76.956960 152.600000 3 25.687500 800 -29814.823658 29270.051772 66771.291866 0 0 0.671187 0.799203 9.948758 0.001374 -0.005651 0.011454 26.769531
2023-04-25T07:22:38.3103566Z 1682407358.310357 60.000000 2250 eziemag AAAAAPeiZQ0A 39.255640 -76.956960 152.600000 3 25.687500 800 -29814.630682 29270.068126 66769.990094 0 0 0.663410 0.789033 9.936794 0.000458 -0.006109 0.011606 26.730469
2023-04-25T07:23:38.3134034Z 1682407418.313403 60.000000 2246 eziemag AAAAAPeiZQ0A 39.255640 -76.956960 152.600000 3 25.625000 800 -29816.462321 29270.787698 66770.827415 0 0 0.678365 0.785444 9.945169 0.001222 -0.005956 0.011606 26.742188
2023-04-25T07:24:38.3296902Z 1682407478.329690 60.000000 2249 eziemag AAAAAPeiZQ0A 39.255640 -76.956960 152.600000 3 25.625000 800 -29814.718993 29269.701798 66768.989234 0 0 0.668794 0.792622 9.954740 0.000611 -0.006414 0.011606 26.761719
2023-04-25T07:25:38.3430228Z 1682407538.343023 60.000000 2249 eziemag AAAAAPeiZQ0A 39.255640 -76.956960 152.600000 3 25.625000 800 -29814.522746 29270.297081 66768.845320 0 0 0.671785 0.779462 9.949356 0.001069 -0.006567 0.011759 26.738281
2023-04-25T07:26:38.3437717Z 1682407598.343772 60.000000 2250 eziemag AAAAAPeiZQ0A 39.255640 -76.956960 152.600000 3 25.687500 800 -29815.798352 29268.995309 66770.663876 0 0 0.666401 0.778864 9.943374 0.001069 -0.005651 0.011301 26.769531
2023-04-25T07:27:38.3529255Z 1682407658.352926 60.000000 2250 eziemag AAAAAPeiZQ0A 39.255640 -76.956960 152.600000 3 25.687500 800 -29818.810743 29269.777026 66771.592778 0 0 0.664008 0.787837 9.944571 0.001069 -0.006567 0.011606 26.800781
2023-04-25T07:28:38.3651342Z 1682407718.365134 60.000000 2244 eziemag AAAAAPeiZQ0A 39.255640 -76.956960 152.600000 3 25.687500 800 -29822.869785 29272.766522 66770.205966 0 0 0.666401 0.791426 9.945169 0.001374 -0.005803 0.011912 26.718750
2023-04-25T07:29:38.377248Z 1682407778.377248 60.000000 2249 eziemag AAAAAPeiZQ0A 39.255640 -76.956960 152.600000 3 25.687500 800 -29816.923501 29268.144905 66768.766821 0 0 0.671187 0.800997 9.951151 0.001527 -0.005498 0.011301 26.750000
2023-04-25T07:30:38.381008Z 1682407838.381008 60.000000 2248 eziemag AAAAAPeiZQ0A 39.255640 -76.956960 152.600000 3 25.687500 800 -29817.123019 29268.036969 66767.465049 0 0 0.668794 0.790828 9.937990 0.001222 -0.006109 0.011454 26.765625
2023-04-25T07:31:38.3973897Z 1682407898.397390 60.000000 2249 eziemag AAAAAPeiZQ0A 39.255640 -76.956960 152.600000 3 25.687500 800 -29818.257981 29269.361637 66769.878888 0 0 0.665205 0.792622 9.955937 0.000916 -0.006567 0.011606 26.734375
2023-04-25T07:32:38.4043872Z 1682407958.404387 60.000000 2250 eziemag AAAAAPeiZQ0A 39.255640 -76.956960 152.600000 3 25.687500 800 -29816.907147 29268.707480 66770.598460 0 0 0.665803 0.796810 9.946365 0.001374 -0.005956 0.011912 26.746094
2023-04-25T07:33:38.4222689Z 1682408018.422269 60.000000 2249 eziemag AAAAAPeiZQ0A 39.255640 -76.956960 152.600000 3 25.687500 800 -29817.067416 29270.172791 66769.591059 0 0 0.683749 0.793819 9.946964 0.001374 -0.005956 0.011454 26.769531
2023-04-25T07:34:38.4422607Z 1682408078.442261 60.000000 2250 eziemag AAAAAPeiZQ0A 39.255640 -76.956960 152.600000 3 25.625000 800 -29816.334760 29269.691986 66769.741515 0 0 0.673580 0.795015 9.945767 0.001069 -0.005956 0.011301 26.789062
2023-04-25T07:35:38.4629142Z 1682408138.462914 60.000000 2250 eziemag AAAAAPeiZQ0A 39.255640 -76.956960 152.600000 3 25.687500 800 -29820.210638 29270.189145 66770.663876 0 0 0.669392 0.783051 9.943374 0.001222 -0.005956 0.011454 26.734375
2023-04-25T07:36:38.480819Z 1682408198.480819 60.000000 2250 eziemag AAAAAPeiZQ0A 39.255640 -76.956960 152.600000 3 25.687500 800 -29817.466451 29268.547211 66770.748916 0 0 0.680160 0.794417 9.948758 0.000916 -0.006261 0.011606 26.757812
2023-04-25T07:37:38.4978657Z 1682408258.497866 60.000000 2251 eziemag AAAAAPeiZQ0A 39.255640 -76.956960 152.600000 3 25.750000 800 -29820.354553 29270.091021 66770.081676 0 0 0.666999 0.782453 9.948160 0.000305 -0.005956 0.011454 26.753906
2023-04-25T07:38:38.5095575Z 1682408318.509557 60.000000 2247 eziemag AAAAAPeiZQ0A 39.255640 -76.956960 152.600000 3 25.687500 800 -29820.792838 29269.966731 66770.101301 0 0 0.664606 0.800997 9.939187 0.000611 -0.005803 0.011454 26.812500
2023-04-25T07:39:38.5180194Z 1682408378.518019 60.000000 2249 eziemag AAAAAPeiZQ0A 39.255640 -76.956960 152.600000 3 25.687500 800 -29818.935033 29269.711610 66768.923819 0 0 0.672383 0.796810 9.943374 0.001374 -0.005956 0.011606 26.789062
2023-04-25T07:40:38.531781Z 1682408438.531781 60.000000 2252 eziemag AAAAAPeiZQ0A 39.255640 -76.956960 152.600000 3 25.687500 800 -29819.965330 29270.342872 66770.487253 0 0 0.669990 0.786042 9.945169 0.000764 -0.005803 0.011759 26.730469
2023-04-25T07:41:38.5461397Z 1682408498.546140 60.000000 2247 eziemag AAAAAPeiZQ0A 39.255640 -76.956960 152.600000 3 25.687500 800 -29819.118197 29269.322387 66771.075994 0 0 0.667598 0.792024 9.942178 0.001527 -0.007025 0.011759 26.804688
2023-04-25T07:42:38.5653672Z 1682408558.565367 60.000000 2249 eziemag AAAAAPeiZQ0A 39.255640 -76.956960 152.600000 3 25.687500 800 -29817.659427 29269.819546 66771.455405 0 0 0.671187 0.784248 9.943973 0.001222 -0.006109 0.011301 26.757812
2023-04-25T07:43:38.5741222Z 1682408618.574122 60.000000 2250 eziemag AAAAAPeiZQ0A 39.255640 -76.956960 152.600000 3 25.687500 800 -29819.494337 29270.558743 66771.730151 0 0 0.667598 0.786640 9.949955 0.001069 -0.006414 0.011301 26.753906
2023-04-25T07:44:38.5932477Z 1682408678.593248 60.000000 2252 eziemag AAAAAPeiZQ0A 39.255640 -76.956960 152.600000 3 25.687500 800 -29820.678360 29271.363356 66772.417016 0 0 0.671187 0.787837 9.949356 0.001222 -0.005498 0.011454 26.730469
2023-04-25T07:45:38.6140196Z 1682408738.614020 60.000000 2248 eziemag AAAAAPeiZQ0A 39.255640 -76.956960 152.600000 3 25.687500 800 -29820.465760 29271.239066 66772.161894 0 0 0.660419 0.793819 9.946365 0.000611 -0.006261 0.011148 26.777344
2023-04-25T07:46:38.6161144Z 1682408798.616114 60.000000 2249 eziemag AAAAAPeiZQ0A 39.255640 -76.956960 152.600000 3 25.687500 800 -29819.651334 29271.448396 66771.533904 0 0 0.668196 0.789033 9.940981 0.001069 -0.005651 0.011606 26.796875
2023-04-25T07:47:38.619491Z 1682408858.619491 60.000000 2249 eziemag AAAAAPeiZQ0A 39.255640 -76.956960 152.600000 3 25.687500 800 -29819.579377 29272.416548 66772.260018 0 0 0.669392 0.803988 9.937392 0.000611 -0.005803 0.011454 26.746094
2023-04-25T07:48:38.621588Z 1682408918.621588 60.000000 2251 eziemag AAAAAPeiZQ0A 39.255640 -76.956960 152.600000 3 25.687500 800 -29820.161577 29271.484375 66772.587096 0 0 0.667598 0.791426 9.954740 0.000764 -0.005651 0.010690 26.730469
2023-04-25T07:49:38.6432335Z 1682408978.643234 60.000000 2250 eziemag AAAAAPeiZQ0A 39.255640 -76.956960 152.600000 3 25.687500 800 -29820.249888 29271.582499 66771.743234 0 0 0.666401 0.796810 9.948160 0.001833 -0.006109 0.011301 26.785156
2023-04-25T07:50:38.6523054Z 1682409038.652305 60.000000 2250 eziemag AAAAAPeiZQ0A 39.255640 -76.956960 152.600000 3 25.687500 800 -29818.974282 29270.411558 66769.937762 0 0 0.671187 0.789631 9.952946 0.000764 -0.005956 0.011301 26.757812
2023-04-25T07:51:38.6642191Z 1682409098.664219 60.000000 2246 eziemag AAAAAPeiZQ0A 39.255640 -76.956960 152.600000 3 25.687500 800 -29820.112515 29270.990487 66768.936902 0 0 0.671785 0.788435 9.969097 0.001527 -0.006414 0.011912 26.746094
2023-04-25T07:52:38.6682382Z 1682409158.668238 60.000000 2247 eziemag AAAAAPeiZQ0A 39.255640 -76.956960 152.600000 3 25.687500 800 -29818.539268 29270.100834 66768.250037 0 0 0.665803 0.786640 9.945169 0.001222 -0.006872 0.011454 26.796875
2023-04-25T07:53:38.6853657Z 1682409218.685366 60.000000 2250 eziemag AAAAAPeiZQ0A 39.255640 -76.956960 152.600000 3 25.687500 800 -29819.180342 29270.722282 66768.086498 0 0 0.664008 0.787837 9.950553 0.001374 -0.005803 0.011759 26.750000
2023-04-25T07:54:38.6871376Z 1682409278.687138 60.000000 2250 eziemag AAAAAPeiZQ0A 39.255640 -76.956960 152.600000 3 25.625000 800 -29819.065864 29271.019924 66770.768541 0 0 0.671785 0.792024 9.946365 0.001680 -0.005345 0.011301 26.765625
2023-04-25T07:55:38.6999302Z 1682409338.699930 60.000000 2246 eziemag AAAAAPeiZQ0A 39.255640 -76.956960 152.600000 3 25.687500 800 -29819.527045 29270.633971 66771.337657 0 0 0.665803 0.793819 9.950553 0.001527 -0.006261 0.010843 26.808594
2023-04-25T07:56:38.719767Z 1682409398.719767 60.000000 2252 eziemag AAAAAPeiZQ0A 39.255640 -76.956960 152.600000 3 25.687500 800 -29820.011121 29270.212040 66770.984412 0 0 0.666401 0.791426 9.960124 0.001374 -0.005651 0.011759 26.750000
2023-04-25T07:57:38.7331367Z 1682409458.733137 60.000000 2252 eziemag AAAAAPeiZQ0A 39.255640 -76.956960 152.600000 3 25.625000 800 -29819.634981 29270.140083 66771.147952 0 0 0.664008 0.789631 9.948160 0.000916 -0.006261 0.011301 26.769531
2023-04-25T07:58:38.7440295Z 1682409518.744030 60.000000 2251 eziemag AAAAAPeiZQ0A 39.255640 -76.956960 152.600000 3 25.687500 800 -29819.795249 29269.901316 66769.963928 0 0 0.675972 0.796810 9.951151 0.000611 -0.005956 0.011454 26.722656
2023-04-25T07:59:38.7581081Z 1682409578.758108 60.000000 2249 eziemag AAAAAPeiZQ0A 39.255640 -76.956960 152.600000 3 25.687500 800 -29820.815733 29272.086199 66773.895410 0 0 0.668196 0.783649 9.940383 0.001069 -0.006109 0.011606 26.746094
