2023-04-25T10:00:40.4396338Z 1682416840.439634 60.000000 2249 eziemag AAAAAPeiZQ0A 39.255640 -76.956960 152.600000 3 25.687500 800 -29830.745832 29266.306725 66776.884906 0 0 0.675374 0.789631 9.951749 0.000764 -0.005651 0.011301 26.773438
2023-04-25T10:01:40.4522479Z 1682416900.452248 60.000000 2250 eziemag AAAAAPeiZQ0A 39.255640 -76.956960 152.600000 3 25.625000 800 -29832.299454 29264.926454 66774.157072 0 0 0.669392 0.795614 9.955338 0.001374 -0.006109 0.010843 26.730469
2023-04-25T10:02:40.4626114Z 1682416960.462611 60.000000 2251 eziemag AAAAAPeiZQ0A 39.255640 -76.956960 152.600000 3 25.687500 800 -29831.553716 29264.674604 66773.515999 0 0 0.666999 0.795614 9.936794 0.000458 -0.005803 0.011606 26.722656
2023-04-25T10:03:40.4818223Z 1682417020.481822 60.000000 2249 eziemag AAAAAPeiZQ0A 39.255640 -76.956960 152.600000 3 25.625000 800 -29834.114739 29265.691817 66772.888008 0 0 0.664606 0.780658 9.943374 0.000611 -0.006261 0.011148 26.746094
2023-04-25T10:04:40.495285Z 1682417080.495285 60.000000 2250 eziemag AAAAAPeiZQ0A 39.255640 -76.956960 152.600000 3 25.625000 800 -29831.792483 29264.926454 66774.327153 0 0 0.668196 0.786042 9.947562 0.001374 -0.005651 0.011148 26.746094
2023-04-25T10:05:40.5096745Z 1682417140.509675 60.000000 2251 eziemag AAAAAPeiZQ0A 39.255640 -76.956960 152.600000 3 25.687500 800 -29831.687818 29265.299323 66773.084255 0 0 0.659223 0.790230 9.945169 0.001222 -0.005803 0.011606 26.796875
2023-04-25T10:06:40.5202284Z 1682417200.520228 60.000000 2251 eziemag AAAAAPeiZQ0A 39.255640 -76.956960 152.600000 3 25.687500 800 -29833.169483 29264.396587 66773.038464 0 0 0.664008 0.784846 9.948160 0.001069 -0.006567 0.011301 26.750000
2023-04-25T10:07:40.527928Z 1682417260.527928 60.000000 2248 eziemag AAAAAPeiZQ0A 39.255640 -76.956960 152.600000 3 25.687500 800 -29833.993720 29266.081041 66775.812089 0 0 0.666999 0.799203 9.952946 0.000916 -0.006567 0.011912 26.785156
2023-04-25T10:08:40.538107Z 1682417320.538107 60.000000 2247 eziemag AAAAAPeiZQ0A 39.255640 -76.956960 152.600000 3 25.687500 800 -29832.296183 29267.055734 66774.425277 0 0 0.670589 0.792622 9.950553 0.001680 -0.006261 0.011606 26.750000
2023-04-25T10:09:40.5517087Z 1682417380.551709 60.000000 2250 eziemag AAAAAPeiZQ0A 39.255640 -76.956960 152.600000 3 25.687500 800 -29831.105618 29266.074499 66772.554388 0 0 0.663410 0.792024 9.947562 0.000916 -0.005803 0.011759 26.730469
2023-04-25T10:10:40.5723093Z 1682417440.572309 60.000000 2248 eziemag AAAAAPeiZQ0A 39.255640 -76.956960 152.600000 3 25.625000 800 -29831.014036 29266.738468 66772.207685 0 0 0.670589 0.793819 9.944571 0.001222 -0.006109 0.010843 26.777344
2023-04-25T10:11:40.5737112Z 1682417500.573711 60.000000 2246 eziemag AAAAAPeiZQ0A 39.255640 -76.956960 152.600000 3 25.687500 800 -29830.248673 29266.820238 66770.376047 0 0 0.669990 0.790828 9.930812 0.000916 -0.005803 0.011606 26.738281
2023-04-25T10:12:40.588593Z 1682417560.588593 60.000000 2250 eziemag AAAAAPeiZQ0A 39.255640 -76.956960 152.600000 3 25.687500 800 -29831.916773 29266.244580 66772.600179 0 0 0.662214 0.797408 9.943374 0.001374 -0.006109 0.011606 26.742188
2023-04-25T10:13:40.6008675Z 1682417620.600868 60.000000 2250 eziemag AAAAAPeiZQ0A 39.255640 -76.956960 152.600000 3 25.687500 800 -29831.435967 29265.305865 66771.206826 0 0 0.672981 0.786640 9.944571 0.001069 -0.006414 0.011912 26.761719
2023-04-25T10:14:40.6124434Z 1682417680.612443 60.000000 2249 eziemag AAAAAPeiZQ0A 39.255640 -76.956960 152.600000 3 25.687500 800 -29831.982188 29266.084311 66774.255196 0 0 0.662214 0.796212 9.957133 0.000916 -0.005803 0.010996 26.738281
2023-04-25T10:15:40.6344802Z 1682417740.634480 60.000000 2246 eziemag AAAAAPeiZQ0A 39.255640 -76.956960 152.600000 3 25.750000 800 -29836.672492 29266.303454 66774.785063 0 0 0.670589 0.800997 9.949356 0.001222 -0.006720 0.011759 26.753906
2023-04-25T10:16:40.6527576Z 1682417800.652758 60.000000 2250 eziemag AAAAAPeiZQ0A 39.255640 -76.956960 152.600000 3 25.687500 800 -29835.750131 29267.072088 66773.614122 0 0 0.672981 0.784248 9.943973 0.001222 -0.006109 0.011759 26.773438
2023-04-25T10:17:40.6700974Z 1682417860.670097 60.000000 2251 eziemag AAAAAPeiZQ0A 39.255640 -76.956960 152.600000 3 25.750000 800 -29836.872010 29267.163670 66774.274821 0 0 0.662214 0.790828 9.952347 0.000764 -0.006261 0.010996 26.750000
2023-04-25T10:18:40.693154Z 1682417920.693154 60.000000 2250 eziemag AAAAAPeiZQ0A 39.255640 -76.956960 152.600000 3 25.687500 800 -29834.382943 29265.374551 66773.823452 0 0 0.666401 0.791426 9.954142 0.001069 -0.006109 0.012217 26.781250
2023-04-25T10:19:40.700389Z 1682417980.700389 60.000000 2245 eziemag AAAAAPeiZQ0A 39.255640 -76.956960 152.600000 3 25.750000 800 -29836.306164 29266.018896 66774.215946 0 0 0.671187 0.786640 9.944571 0.001374 -0.005803 0.010996 26.820312
2023-04-25T10:20:40.7013648Z 1682418040.701365 60.000000 2250 eziemag AAAAAPeiZQ0A 39.255640 -76.956960 152.600000 3 25.750000 800 -29835.347824 29265.498841 66771.475030 0 0 0.654437 0.801596 9.953544 0.001222 -0.006109 0.011301 26.800781
2023-04-25T10:21:40.7154164Z 1682418100.715416 60.000000 2247 eziemag AAAAAPeiZQ0A 39.255640 -76.956960 152.600000 3 25.687500 800 -29834.471254 29265.685276 66771.638569 0 0 0.666401 0.792622 9.946964 0.000611 -0.006261 0.011301 26.816406
2023-04-25T10:22:40.736391Z 1682418160.736391 60.000000 2251 eziemag AAAAAPeiZQ0A 39.255640 -76.956960 152.600000 3 25.687500 800 -29835.426323 29265.528278 66770.847039 0 0 0.668196 0.793819 9.945169 0.001069 -0.005956 0.011912 26.832031
2023-04-25T10:23:40.7607317Z 1682418220.760732 60.000000 2245 eziemag AAAAAPeiZQ0A 39.255640 -76.956960 152.600000 3 25.687500 800 -29835.393615 29265.953480 66769.296688 0 0 0.671785 0.795015 9.963115 0.001222 -0.006261 0.011301 26.781250
2023-04-25T10:24:40.7727654Z 1682418280.772765 60.000000 2211 eziemag AAAAAPeiZQ0A 39.255640 -76.956960 152.600000 3 25.687500 800 -29833.493290 29265.475946 66771.775942 0 0 0.668794 0.789033 9.946964 0.001222 -0.006261 0.011454 26.796875
2023-04-25T10:25:40.7830782Z 1682418340.783078 60.000000 2249 eziemag AAAAAPeiZQ0A 39.255640 -76.956960 152.600000 3 25.687500 800 -29834.124551 29264.462003 66770.958246 0 0 0.673580 0.789033 9.949356 0.001680 -0.005956 0.011454 26.800781
2023-04-25T10:26:40.800457Z 1682418400.800457 60.000000 2250 eziemag AAAAAPeiZQ0A 39.255640 -76.956960 152.600000 3 25.625000 800 -29836.839302 29267.026297 66773.182379 0 0 0.669392 0.794417 9.945169 0.000916 -0.006109 0.011148 26.695312
2023-04-25T10:27:40.8117967Z 1682418460.811797 60.000000 2249 eziemag AAAAAPeiZQ0A 39.255640 -76.956960 152.600000 3 25.687500 800 -29837.607936 29267.330480 66773.659913 0 0 0.674776 0.795614 9.948160 0.001222 -0.006414 0.011454 26.761719
2023-04-25T10:28:40.8153946Z 1682418520.815395 60.000000 2251 eziemag AAAAAPeiZQ0A 39.255640 -76.956960 152.600000 3 25.687500 800 -29837.728955 29266.244580 66773.823452 0 0 0.659821 0.793819 9.942178 0.001374 -0.006720 0.011148 26.773438
2023-04-25T10:29:40.8207903Z 1682418580.820790 60.000000 2250 eziemag AAAAAPeiZQ0A 39.255640 -76.956960 152.600000 3 25.687500 800 -29836.198228 29267.579060 66770.029344 0 0 0.672383 0.784846 9.948160 0.001374 -0.006414 0.011454 26.714844
2023-04-25T10:30:40.8446848Z 1682418640.844685 60.000000 2250 eziemag AAAAAPeiZQ0A 39.255640 -76.956960 152.600000 3 25.625000 800 -29836.584181 29268.498150 66769.434061 0 0 0.668196 0.786640 9.943374 0.001222 -0.005192 0.010996 26.671875
2023-04-25T10:31:40.8620317Z 1682418700.862032 60.000000 2250 eziemag AAAAAPeiZQ0A 39.255640 -76.956960 152.600000 3 25.562500 800 -29837.532708 29267.160399 66769.349021 0 0 0.672383 0.790828 9.949955 0.001374 -0.006567 0.011759 26.722656
2023-04-25T10:32:40.8736935Z 1682418760.873693 60.000000 2250 eziemag AAAAAPeiZQ0A 39.255640 -76.956960 152.600000 3 25.562500 800 -29835.521176 29267.016485 66768.053790 0 0 0.666999 0.778864 9.952946 0.000764 -0.006109 0.011148 26.707031
2023-04-25T10:33:40.8794432Z 1682418820.879443 60.000000 2249 eziemag AAAAAPeiZQ0A 39.255640 -76.956960 152.600000 3 25.562500 800 -29837.490188 29265.816107 66764.017644 0 0 0.661615 0.792622 9.954740 0.001222 -0.005956 0.011148 26.730469
2023-04-25T10:34:40.8961658Z 1682418880.896166 60.000000 2249 eziemag AAAAAPeiZQ0A 39.255640 -76.956960 152.600000 3 25.500000 800 -29836.813135 29256.782203 66766.274484 0 0 0.671785 0.784248 9.945767 0.001222 -0.005956 0.010843 26.660156
2023-04-25T10:35:40.9181924Z 1682418940.918192 60.000000 2246 eziemag AAAAAPeiZQ0A 39.255640 -76.956960 152.600000 3 25.500000 800 -29840.126439 29266.218414 66768.858403 0 0 0.664606 0.790230 9.944571 0.001527 -0.006261 0.011301 26.640625
2023-04-25T10:36:40.944654Z 1682419000.944654 60.000000 2250 eziemag AAAAAPeiZQ0A 39.255640 -76.956960 152.600000 3 25.562500 800 -29840.538558 29271.033007 66769.787306 0 0 0.667598 0.791426 9.948758 0.001680 -0.006109 0.010996 26.660156
2023-04-25T10:37:40.966884Z 1682419060.966884 60.000000 2249 eziemag AAAAAPeiZQ0A 39.255640 -76.956960 152.600000 3 25.500000 800 -29838.971853 29272.481964 66767.883710 0 0 0.671187 0.780658 9.936794 0.001680 -0.006414 0.011148 26.632812
2023-04-25T10:38:40.9818807Z 1682419120.981881 60.000000 2242 eziemag AAAAAPeiZQ0A 39.255640 -76.956960 152.600000 3 25.500000 800 -29839.596572 29272.400194 66766.581938 0 0 0.664008 0.793819 9.944571 0.001222 -0.005498 0.011454 26.644531
2023-04-25T10:39:41.0007312Z 1682419181.000731 60.000000 2248 eziemag AAAAAPeiZQ0A 39.255640 -76.956960 152.600000 3 25.500000 800 -29840.077377 29273.662717 66767.759420 0 0 0.672383 0.787837 9.954740 0.001069 -0.006414 0.011606 26.613281
2023-04-25T10:40:41.010589Z 1682419241.010589 60.000000 2249 eziemag AAAAAPeiZQ0A 39.255640 -76.956960 152.600000 3 25.500000 800 -29838.556463 29270.081209 66766.647353 0 0 0.668196 0.796212 9.952347 0.000916 -0.006109 0.011454 26.574219
2023-04-25T10:41:41.0281787Z 1682419301.028179 60.000000 2251 eziemag AAAAAPeiZQ0A 39.255640 -76.956960 152.600000 3 25.500000 800 -29840.708639 29269.904587 66768.132289 0 0 0.668794 0.789631 9.949356 0.001069 -0.006261 0.011759 26.593750
2023-04-25T10:42:41.0520494Z 1682419361.052049 60.000000 2249 eziemag AAAAAPeiZQ0A 39.255640 -76.956960 152.600000 3 25.500000 800 -29841.271213 29269.551342 66768.164997 0 0 0.672383 0.793221 9.953544 0.001527 -0.005956 0.011759 26.542969
2023-04-25T10:43:41.061874Z 1682419421.061874 60.000000 2245 eziemag AAAAAPeiZQ0A 39.255640 -76.956960 152.600000 3 25.437500 800 -29843.230413 29270.395204 66768.956527 0 0 0.672383 0.784248 9.957133 0.001374 -0.006414 0.011148 26.515625
2023-04-25T10:44:41.071982Z 1682419481.071982 60.000000 2248 eziemag AAAAAPeiZQ0A 39.255640 -76.956960 152.600000 3 25.437500 800 -29841.287567 29270.362496 66768.825695 0 0 0.660419 0.789631 9.952347 0.000611 -0.006567 0.011301 26.503906
2023-04-25T10:45:41.0761967Z 1682419541.076197 60.000000 2250 eziemag AAAAAPeiZQ0A 39.255640 -76.956960 152.600000 3 25.375000 800 -29842.187033 29271.732955 66768.276204 0 0 0.671187 0.793819 9.948160 0.000764 -0.006261 0.011148 26.515625
2023-04-25T10:46:41.1011813Z 1682419601.101181 60.000000 2250 eziemag AAAAAPeiZQ0A 39.255640 -76.956960 152.600000 3 25.437500 800 -29841.487085 29273.034726 66767.726712 0 0 0.658026 0.784846 9.948160 0.000153 -0.006261 0.011759 26.476562
2023-04-25T10:47:41.1232278Z 1682419661.123228 60.000000 2248 eziemag AAAAAPeiZQ0A 39.255640 -76.956960 152.600000 3 25.375000 800 -29841.081508 29273.858964 66767.458508 0 0 0.666999 0.795614 9.946365 0.000611 -0.006109 0.011606 26.441406
2023-04-25T10:48:41.1346157Z 1682419721.134616 60.000000 2247 eziemag AAAAAPeiZQ0A 39.255640 -76.956960 152.600000 3 25.312500 800 -29842.180491 29272.907166 66767.922959 0 0 0.675972 0.786042 9.942178 0.000458 -0.005651 0.011759 26.445312
2023-04-25T10:49:41.1395016Z 1682419781.139502 60.000000 2248 eziemag AAAAAPeiZQ0A 39.255640 -76.956960 152.600000 3 25.375000 800 -29841.653895 29272.567004 66767.936042 0 0 0.661615 0.794417 9.946365 0.001374 -0.005956 0.010996 26.441406
2023-04-25T10:50:41.1603281Z 1682419841.160328 60.000000 2247 eziemag AAAAAPeiZQ0A 39.255640 -76.956960 152.600000 3 25.312500 800 -29842.327676 29272.596441 66768.838778 0 0 0.671187 0.795015 9.956535 0.001069 -0.006414 0.011148 26.398438
2023-04-25T10:51:41.1797569Z 1682419901.179757 60.000000 2246 eziemag AAAAAPeiZQ0A 39.255640 -76.956960 152.600000 3 25.312500 800 -29846.697443 29272.769793 66769.362104 0 0 0.666999 0.797408 9.947562 0.000764 -0.005651 0.011148 26.417969
2023-04-25T10:52:41.1896996Z 1682419961.189700 60.000000 2249 eziemag AAAAAPeiZQ0A 39.255640 -76.956960 152.600000 3 25.312500 800 -29843.488805 29273.031456 66767.314593 0 0 0.659821 0.790230 9.955937 0.000764 -0.006261 0.011759 26.359375
2023-04-25T10:53:41.2121933Z 1682420021.212193 60.000000 2248 eziemag AAAAAPeiZQ0A 39.255640 -76.956960 152.600000 3 25.312500 800 -29843.809341 29272.638962 66767.595881 0 0 0.672981 0.792024 9.943374 0.000611 -0.006567 0.011606 26.292969
2023-04-25T10:54:41.229864Z 1682420081.229864 60.000000 2247 eziemag AAAAAPeiZQ0A 39.255640 -76.956960 152.600000 3 25.187500 800 -29842.991645 29274.509850 66766.712769 0 0 0.664606 0.798006 9.957731 0.000764 -0.006261 0.011759 26.343750
2023-04-25T10:55:41.2362428Z 1682420141.236243 60.000000 2244 eziemag AAAAAPeiZQ0A 39.255640 -76.956960 152.600000 3 25.250000 800 -29844.067733 29274.872907 66765.142793 0 0 0.669990 0.788435 9.951749 0.001680 -0.006261 0.011454 26.304688
2023-04-25T10:56:41.2561133Z 1682420201.256113 60.000000 2248 eziemag AAAAAPeiZQ0A 39.255640 -76.956960 152.600000 3 25.187500 800 -29846.246075 29276.694733 66767.190304 0 0 0.675374 0.791426 9.952347 0.001069 -0.005956 0.011148 26.253906
2023-04-25T10:57:41.28128Z 1682420261.281280 60.000000 2249 eziemag AAAAAPeiZQ0A 39.255640 -76.956960 152.600000 3 25.187500 800 -29847.541305 29277.447013 66767.576256 0 0 0.675374 0.791426 9.943374 0.001222 -0.006261 0.010996 26.308594
2023-04-25T10:58:41.2985797Z 1682420321.298580 60.000000 2246 eziemag AAAAAPeiZQ0A 39.255640 -76.956960 152.600000 3 25.187500 800 -29846.775942 29277.653073 66766.850142 0 0 0.675972 0.789631 9.942178 0.000611 -0.006414 0.011454 26.289062
2023-04-25T10:59:41.3014545Z 1682420381.301455 60.000000 2243 eziemag AAAAAPeiZQ0A 39.255640 -76.956960 152.600000 3 25.125000 800 -29848.378626 29279.108571 66766.725852 0 0 0.665205 0.785444 9.954740 0.001527 -0.006261 0.010996 26.261719
