2023-04-25T18:00:46.6820383Z 1682445646.682038 60.000000 2248 eziemag AAAAAPeiZQ0A 39.255640 -76.956960 152.600000 3 24.562500 800 -29531.099544 29018.486001 66042.731385 0 0 0.682553 0.787837 9.946365 0.001527 -0.006414 0.010996 25.464844
2023-04-25T18:01:46.696471Z 1682445706.696471 60.000000 2247 eziemag AAAAAPeiZQ0A 39.255640 -76.956960 152.600000 3 24.500000 800 -29530.811715 29014.531624 66039.303603 0 0 0.684347 0.792024 9.938589 0.001069 -0.006109 0.012065 25.507812
2023-04-25T18:02:46.703168Z 1682445766.703168 60.000000 2242 eziemag AAAAAPeiZQ0A 39.255640 -76.956960 152.600000 3 24.500000 800 -29531.711180 29017.933239 66044.222862 0 0 0.686142 0.787837 9.940981 0.001222 -0.005651 0.011454 25.539062
2023-04-25T18:03:46.7115135Z 1682445826.711514 60.000000 2243 eziemag AAAAAPeiZQ0A 39.255640 -76.956960 152.600000 3 24.562500 800 -29529.774877 29019.113991 66040.978245 0 0 0.690928 0.796810 9.940981 0.001374 -0.005956 0.011759 25.468750
2023-04-25T18:04:46.7190585Z 1682445886.719059 60.000000 2249 eziemag AAAAAPeiZQ0A 39.255640 -76.956960 152.600000 3 24.500000 800 -29526.320929 29015.211947 66039.722264 0 0 0.687936 0.792024 9.952946 0.001222 -0.005956 0.011301 25.515625
2023-04-25T18:05:46.742459Z 1682445946.742459 60.000000 2249 eziemag AAAAAPeiZQ0A 39.255640 -76.956960 152.600000 3 24.500000 800 -29528.643186 29017.030502 66042.999589 0 0 0.670589 0.783051 9.950553 0.001374 -0.006720 0.011301 25.523438
2023-04-25T18:06:46.7676358Z 1682446006.767636 60.000000 2248 eziemag AAAAAPeiZQ0A 39.255640 -76.956960 152.600000 3 24.562500 800 -29523.779531 29015.267550 66040.101675 0 0 0.688535 0.792622 9.949955 0.000764 -0.006261 0.011454 25.542969
2023-04-25T18:07:46.7769804Z 1682446066.776980 60.000000 2246 eziemag AAAAAPeiZQ0A 39.255640 -76.956960 152.600000 3 24.562500 800 -29527.897447 29016.716507 66040.029717 0 0 0.681356 0.799203 9.946964 0.000611 -0.006261 0.011454 25.582031
2023-04-25T18:08:46.7835374Z 1682446126.783537 60.000000 2245 eziemag AAAAAPeiZQ0A 39.255640 -76.956960 152.600000 3 24.500000 800 -29532.021905 29002.011065 66038.021456 0 0 0.677169 0.786640 9.941580 0.001069 -0.006414 0.011454 25.589844
2023-04-25T18:09:46.80278Z 1682446186.802780 60.000000 2249 eziemag AAAAAPeiZQ0A 39.255640 -76.956960 152.600000 3 24.500000 800 -29542.004336 28990.272223 66036.111319 0 0 0.681356 0.795614 9.952347 0.001374 -0.006720 0.011606 25.628906
2023-04-25T18:10:46.8251386Z 1682446246.825139 60.000000 2248 eziemag AAAAAPeiZQ0A 39.255640 -76.956960 152.600000 3 24.562500 800 -29541.340367 28991.204396 66036.752392 0 0 0.678963 0.792622 9.942776 0.000611 -0.005956 0.011148 25.636719
2023-04-25T18:11:46.8283982Z 1682446306.828398 60.000000 2247 eziemag AAAAAPeiZQ0A 39.255640 -76.956960 152.600000 3 24.562500 800 -29542.328144 28990.033455 66037.825209 0 0 0.679562 0.784846 9.937392 0.001069 -0.006414 0.011301 25.625000
2023-04-25T18:12:46.848113Z 1682446366.848113 60.000000 2223 eziemag AAAAAPeiZQ0A 39.255640 -76.956960 152.600000 3 24.562500 800 -29533.480674 28986.386532 66047.624477 0 0 0.684945 0.786042 9.952347 0.001222 -0.005651 0.011606 25.652344
2023-04-25T18:13:46.857095Z 1682446426.857095 60.000000 2249 eziemag AAAAAPeiZQ0A 39.255640 -76.956960 152.600000 3 24.500000 800 -29522.304407 28981.342984 66046.545118 0 0 0.684347 0.792024 9.953544 0.000916 -0.005956 0.010996 25.621094
2023-04-25T18:14:46.8763125Z 1682446486.876312 60.000000 2249 eziemag AAAAAPeiZQ0A 39.255640 -76.956960 152.600000 3 24.500000 800 -29501.803136 28964.943275 66040.245589 0 0 0.671187 0.780060 9.962517 0.001527 -0.006261 0.011454 25.691406
2023-04-25T18:15:46.8770125Z 1682446546.877012 60.000000 2245 eziemag AAAAAPeiZQ0A 39.255640 -76.956960 152.600000 3 24.500000 800 -29502.597937 28967.739795 66042.914548 0 0 0.682553 0.789631 9.946964 0.001069 -0.005498 0.011759 25.644531
2023-04-25T18:16:46.8825314Z 1682446606.882531 60.000000 2247 eziemag AAAAAPeiZQ0A 39.255640 -76.956960 152.600000 3 24.500000 800 -29481.226637 28967.327676 66035.215124 0 0 0.692722 0.802792 9.942776 -0.000305 -0.006109 0.010690 25.675781
2023-04-25T18:17:46.890889Z 1682446666.890889 60.000000 2248 eziemag AAAAAPeiZQ0A 39.255640 -76.956960 152.600000 3 24.562500 800 -29459.874963 28870.306426 66100.114010 0 0 0.685544 0.783649 9.949356 0.001069 -0.005956 0.011454 25.656250
2023-04-25T18:18:46.9021716Z 1682446726.902172 60.000000 2247 eziemag AAAAAPeiZQ0A 39.255640 -76.956960 152.600000 3 24.500000 800 -29493.985964 28075.820032 65084.470320 0 0 0.647857 0.811167 9.954740 0.001069 -0.006261 0.010996 25.710938
2023-04-25T18:19:46.9034367Z 1682446786.903437 60.000000 2247 eziemag AAAAAPeiZQ0A 39.255640 -76.956960 152.600000 3 24.562500 800 -29476.228880 28095.169987 65078.713741 0 0 0.634098 0.857229 9.937990 0.001527 -0.006261 0.010690 25.703125
2023-04-25T18:20:46.9166634Z 1682446846.916663 60.000000 2246 eziemag AAAAAPeiZQ0A 39.255640 -76.956960 152.600000 3 24.500000 800 -29012.909315 28614.907297 64927.760541 0 0 0.638285 0.796212 9.942178 0.001069 -0.006109 0.011759 25.679688
2023-04-25T18:21:46.927892Z 1682446906.927892 60.000000 2247 eziemag AAAAAPeiZQ0A 39.255640 -76.956960 152.600000 3 24.562500 800 -28514.860571 29231.050949 64893.050987 0 0 0.602393 0.843470 10.004989 0.004887 -0.005498 0.010690 25.718750
2023-04-25T18:22:46.9467716Z 1682446966.946772 60.000000 2247 eziemag AAAAAPeiZQ0A 39.255640 -76.956960 152.600000 3 24.500000 800 -28620.637709 29254.293137 64887.719610 0 0 0.639482 0.811167 9.949955 0.001069 -0.006720 0.011301 25.710938
2023-04-25T18:23:46.9645054Z 1682447026.964505 60.000000 2247 eziemag AAAAAPeiZQ0A 39.255640 -76.956960 152.600000 3 24.562500 800 -28618.217330 29261.822481 64889.897952 0 0 0.635893 0.799801 9.941580 0.000916 -0.006261 0.011454 25.683594
2023-04-25T18:24:46.980345Z 1682447086.980345 60.000000 2249 eziemag AAAAAPeiZQ0A 39.255640 -76.956960 152.600000 3 24.562500 800 -28616.231964 29261.080013 64894.182678 0 0 0.637687 0.800997 9.948758 0.001069 -0.006261 0.011454 25.722656
2023-04-25T18:25:47.005508Z 1682447147.005508 60.000000 2246 eziemag AAAAAPeiZQ0A 39.255640 -76.956960 152.600000 3 24.562500 800 -28609.772167 29258.087246 64896.282521 0 0 0.634098 0.809372 9.954740 0.000916 -0.006261 0.011301 25.738281
2023-04-25T18:26:47.0071285Z 1682447207.007128 60.000000 2247 eziemag AAAAAPeiZQ0A 39.255640 -76.956960 152.600000 3 24.562500 800 -28604.146419 29258.927837 64899.945798 0 0 0.638285 0.809970 9.945169 0.001069 -0.006720 0.011759 25.746094
2023-04-25T18:27:47.0083535Z 1682447267.008353 60.000000 2245 eziemag AAAAAPeiZQ0A 39.255640 -76.956960 152.600000 3 24.562500 800 -28611.230936 29266.009083 64903.111917 0 0 0.634696 0.809970 9.952347 0.000764 -0.006261 0.011454 25.757812
2023-04-25T18:28:47.0145214Z 1682447327.014521 60.000000 2249 eziemag AAAAAPeiZQ0A 39.255640 -76.956960 152.600000 3 24.562500 800 -28609.520316 29271.677351 64896.472226 0 0 0.632303 0.817747 9.974481 0.000916 -0.005956 0.011454 25.808594
2023-04-25T18:29:47.032255Z 1682447387.032255 60.000000 2250 eziemag AAAAAPeiZQ0A 39.255640 -76.956960 152.600000 3 24.625000 800 -28606.246262 29272.750168 64891.709966 0 0 0.638285 0.803390 9.936794 0.001374 -0.006414 0.011454 25.796875
2023-04-25T18:30:47.0329797Z 1682447447.032980 60.000000 2250 eziemag AAAAAPeiZQ0A 39.255640 -76.956960 152.600000 3 24.625000 800 -28602.324593 29274.699555 64887.405615 0 0 0.627518 0.802792 9.952946 0.001069 -0.006261 0.011454 25.746094
2023-04-25T18:31:47.0500655Z 1682447507.050066 60.000000 2242 eziemag AAAAAPeiZQ0A 39.255640 -76.956960 152.600000 3 24.625000 800 -28601.013008 29276.174679 64884.389952 0 0 0.628714 0.802792 9.953544 0.001833 -0.005956 0.011301 25.769531
2023-04-25T18:32:47.055005Z 1682447567.055005 60.000000 2250 eziemag AAAAAPeiZQ0A 39.255640 -76.956960 152.600000 3 24.625000 800 -28600.613973 29277.636719 64883.062014 0 0 0.636491 0.802792 9.938589 0.000458 -0.005803 0.011454 25.753906
2023-04-25T18:33:47.0752Z 1682447627.075200 60.000000 2250 eziemag AAAAAPeiZQ0A 39.255640 -76.956960 152.600000 3 24.625000 800 -28601.029362 29276.348030 64881.197667 0 0 0.631107 0.819542 9.961320 0.001527 -0.006109 0.011454 25.730469
2023-04-25T18:34:47.0816507Z 1682447687.081651 60.000000 2249 eziemag AAAAAPeiZQ0A 39.255640 -76.956960 152.600000 3 24.625000 800 -28597.948284 29278.071733 64881.066836 0 0 0.637687 0.805783 9.951749 0.001527 -0.006720 0.011148 25.753906
2023-04-25T18:35:47.0843916Z 1682447747.084392 60.000000 2249 eziemag AAAAAPeiZQ0A 39.255640 -76.956960 152.600000 3 24.625000 800 -28600.142980 29278.611412 64879.987478 0 0 0.646062 0.805783 9.970892 0.001069 -0.006567 0.011759 25.781250
2023-04-25T18:36:47.1032922Z 1682447807.103292 60.000000 2245 eziemag AAAAAPeiZQ0A 39.255640 -76.956960 152.600000 3 24.625000 800 -28596.568014 29279.553398 64881.027587 0 0 0.645464 0.820140 9.954142 0.001374 -0.006414 0.011759 25.746094
2023-04-25T18:37:47.1210299Z 1682447867.121030 60.000000 2247 eziemag AAAAAPeiZQ0A 39.255640 -76.956960 152.600000 3 24.625000 800 -28595.819004 29279.291735 64880.144475 0 0 0.632902 0.808176 9.942178 0.001069 -0.005803 0.011912 25.746094
2023-04-25T18:38:47.1414146Z 1682447927.141415 60.000000 2246 eziemag AAAAAPeiZQ0A 39.255640 -76.956960 152.600000 3 24.625000 800 -28595.992356 29277.725030 64876.141036 0 0 0.634098 0.805783 9.952347 0.001222 -0.006414 0.011606 25.812500
2023-04-25T18:39:47.1435285Z 1682447987.143528 60.000000 2246 eziemag AAAAAPeiZQ0A 39.255640 -76.956960 152.600000 3 24.625000 800 -28594.435463 29278.228731 64876.075621 0 0 0.642473 0.821935 9.942776 0.000916 -0.005956 0.011454 25.796875
2023-04-25T18:40:47.1513753Z 1682448047.151375 60.000000 2249 eziemag AAAAAPeiZQ0A 39.255640 -76.956960 152.600000 3 24.625000 800 -28591.969292 29277.761009 64874.525269 0 0 0.634696 0.807578 9.954740 0.001069 -0.005651 0.011301 25.820312
2023-04-25T18:41:47.1723778Z 1682448107.172378 60.000000 2249 eziemag AAAAAPeiZQ0A 39.255640 -76.956960 152.600000 3 24.625000 800 -28591.841731 29276.704545 64871.359151 0 0 0.627518 0.823131 9.943374 0.000764 -0.005803 0.011759 25.800781
2023-04-25T18:42:47.1943486Z 1682448167.194349 60.000000 2245 eziemag AAAAAPeiZQ0A 39.255640 -76.956960 152.600000 3 24.625000 800 -28589.581620 29278.251626 64873.753364 0 0 0.626920 0.806979 9.935598 0.001527 -0.006109 0.011454 25.804688
2023-04-25T18:43:47.2128012Z 1682448227.212801 60.000000 2243 eziemag AAAAAPeiZQ0A 39.255640 -76.956960 152.600000 3 24.625000 800 -28588.973254 29280.145410 64872.850628 0 0 0.627518 0.808774 9.946964 0.001527 -0.006261 0.011148 25.765625
2023-04-25T18:44:47.216458Z 1682448287.216458 60.000000 2249 eziemag AAAAAPeiZQ0A 39.255640 -76.956960 152.600000 3 24.625000 800 -28587.203760 29280.436509 64872.268429 0 0 0.635893 0.808176 9.948160 0.001374 -0.005651 0.011148 25.734375
2023-04-25T18:45:47.2387838Z 1682448347.238784 60.000000 2247 eziemag AAAAAPeiZQ0A 39.255640 -76.956960 152.600000 3 24.625000 800 -28585.522578 29279.792165 64872.739421 0 0 0.626321 0.808774 9.952946 0.001527 -0.006109 0.011148 25.734375
2023-04-25T18:46:47.2454295Z 1682448407.245430 60.000000 2248 eziemag AAAAAPeiZQ0A 39.255640 -76.956960 152.600000 3 24.625000 800 -28586.340274 29281.025250 64874.289773 0 0 0.634098 0.802194 9.951151 0.001680 -0.006567 0.010996 25.710938
2023-04-25T18:47:47.2658432Z 1682448467.265843 60.000000 2247 eziemag AAAAAPeiZQ0A 39.255640 -76.956960 152.600000 3 24.625000 800 -28586.579041 29281.931257 64874.250523 0 0 0.634696 0.805783 9.948160 0.001222 -0.006414 0.011759 25.746094
2023-04-25T18:48:47.268084Z 1682448527.268084 60.000000 2249 eziemag AAAAAPeiZQ0A 39.255640 -76.956960 152.600000 3 24.625000 800 -28585.391746 29281.842946 64874.414063 0 0 0.635893 0.811765 9.950553 0.002138 -0.006567 0.011301 25.718750
2023-04-25T18:49:47.274819Z 1682448587.274819 60.000000 2249 eziemag AAAAAPeiZQ0A 39.255640 -76.956960 152.600000 3 24.625000 800 -28587.377112 29281.640158 64876.487739 0 0 0.640080 0.822533 9.945169 0.001222 -0.006567 0.011606 25.750000
2023-04-25T18:50:47.2845945Z 1682448647.284595 60.000000 2250 eziemag AAAAAPeiZQ0A 39.255640 -76.956960 152.600000 3 24.562500 800 -28588.008373 29284.142307 64876.821359 0 0 0.647259 0.806979 9.930214 0.001374 -0.005651 0.011759 25.722656
2023-04-25T18:51:47.310224Z 1682448707.310224 60.000000 2249 eziemag AAAAAPeiZQ0A 39.255640 -76.956960 152.600000 3 24.562500 800 -28589.421352 29285.130084 64877.017606 0 0 0.637687 0.815354 9.948160 0.001680 -0.006261 0.011301 25.636719
2023-04-25T18:52:47.3313837Z 1682448767.331384 60.000000 2248 eziemag AAAAAPeiZQ0A 39.255640 -76.956960 152.600000 3 24.562500 800 -28588.855506 29285.352497 64877.004523 0 0 0.640678 0.810569 9.934999 0.000764 -0.006261 0.011301 25.675781
2023-04-25T18:53:47.3416326Z 1682448827.341633 60.000000 2248 eziemag AAAAAPeiZQ0A 39.255640 -76.956960 152.600000 3 24.500000 800 -27266.188276 27919.646662 63321.177856 0 0 0.359522 1.155733 9.924830 -0.004429 -0.007941 0.012981 25.679688
2023-04-25T18:54:47.3510563Z 1682448887.351056 60.000000 2249 eziemag AAAAAPeiZQ0A 39.255640 -76.956960 152.600000 3 24.562500 800 -22386.176034 20561.711741 51930.399596 0 0 1.297508 4.410570 8.233104 -0.141568 0.038026 0.105985 25.726562
2023-04-25T18:55:47.3521712Z 1682448947.352171 60.000000 2246 eziemag AAAAAPeiZQ0A 39.255640 -76.956960 152.600000 3 24.750000 800 -20928.150699 -497.061223 37589.194733 0 0 0.973281 0.034098 9.955937 0.002749 -0.005651 0.010843 26.242188
2023-04-25T18:56:47.352973Z 1682449007.352973 60.000000 2249 eziemag AAAAAPeiZQ0A 39.255640 -76.956960 152.600000 3 25.250000 800 -18432.696621 -11645.759546 42464.902624 0 0 5.047659 -5.293522 6.634101 -0.570701 -0.232892 0.550084 26.714844
