2023-04-25T09:00:39.6039984Z 1682413239.603998 60.000000 2251 eziemag AAAAAPeiZQ0A 39.255640 -76.956960 152.600000 3 25.687500 800 -29824.550968 29267.091713 66770.199424 0 0 0.674178 0.800399 9.951151 0.001985 -0.006109 0.011606 26.746094
2023-04-25T09:01:39.627754Z 1682413299.627754 60.000000 2249 eziemag AAAAAPeiZQ0A 39.255640 -76.956960 152.600000 3 25.687500 800 -29825.525662 29268.877561 66770.683500 0 0 0.662812 0.785444 9.952347 0.001069 -0.006261 0.011912 26.820312
2023-04-25T09:02:39.6284587Z 1682413359.628459 60.000000 2251 eziemag AAAAAPeiZQ0A 39.255640 -76.956960 152.600000 3 25.687500 800 -29825.852740 29269.973273 66772.567472 0 0 0.664606 0.786640 9.943374 0.001374 -0.005956 0.010996 26.765625
2023-04-25T09:03:39.6440687Z 1682413419.644069 60.000000 2248 eziemag AAAAAPeiZQ0A 39.255640 -76.956960 152.600000 3 25.687500 800 -29827.615692 29269.698527 66769.479852 0 0 0.684347 0.797408 9.937990 0.001069 -0.005803 0.011606 26.753906
2023-04-25T09:04:39.6500895Z 1682413479.650090 60.000000 2250 eziemag AAAAAPeiZQ0A 39.255640 -76.956960 152.600000 3 25.687500 800 -29825.371935 29267.601955 66768.289287 0 0 0.668196 0.789033 9.948160 0.001374 -0.005651 0.011912 26.769531
2023-04-25T09:05:39.67122Z 1682413539.671220 60.000000 2250 eziemag AAAAAPeiZQ0A 39.255640 -76.956960 152.600000 3 25.687500 800 -29824.681799 29267.670641 66770.395671 0 0 0.668794 0.787239 9.952946 0.001069 -0.005803 0.011454 26.753906
2023-04-25T09:06:39.6797106Z 1682413599.679711 60.000000 2251 eziemag AAAAAPeiZQ0A 39.255640 -76.956960 152.600000 3 25.687500 800 -29826.084966 29266.875841 66770.317173 0 0 0.668794 0.787239 9.936196 0.001069 -0.005498 0.011606 26.785156
2023-04-25T09:07:39.6989014Z 1682413659.698901 60.000000 2249 eziemag AAAAAPeiZQ0A 39.255640 -76.956960 152.600000 3 25.687500 800 -29826.922286 29268.144905 66770.637709 0 0 0.667598 0.800997 9.948758 0.001527 -0.005956 0.010996 26.769531
2023-04-25T09:08:39.7023425Z 1682413719.702343 60.000000 2246 eziemag AAAAAPeiZQ0A 39.255640 -76.956960 152.600000 3 25.687500 800 -29826.726039 29267.353375 66772.011438 0 0 0.657428 0.782453 9.951749 0.000916 -0.006109 0.011148 26.785156
2023-04-25T09:09:39.704216Z 1682413779.704216 60.000000 2249 eziemag AAAAAPeiZQ0A 39.255640 -76.956960 152.600000 3 25.625000 800 -29824.521531 29267.579060 66771.860982 0 0 0.661615 0.786640 9.949955 0.001222 -0.005192 0.011454 26.781250
2023-04-25T09:10:39.712489Z 1682413839.712489 60.000000 2249 eziemag AAAAAPeiZQ0A 39.255640 -76.956960 152.600000 3 25.687500 800 -29824.779923 29267.513644 66770.336797 0 0 0.677169 0.790828 9.952347 0.001222 -0.006567 0.011148 26.742188
2023-04-25T09:11:39.7294877Z 1682413899.729488 60.000000 2250 eziemag AAAAAPeiZQ0A 39.255640 -76.956960 152.600000 3 25.687500 800 -29826.588666 29267.569247 66769.885429 0 0 0.658624 0.792622 9.945169 0.001374 -0.005956 0.012065 26.761719
2023-04-25T09:12:39.7456694Z 1682413959.745669 60.000000 2250 eziemag AAAAAPeiZQ0A 39.255640 -76.956960 152.600000 3 25.687500 800 -29825.803678 29266.309996 66769.767681 0 0 0.661017 0.797408 9.951749 0.001374 -0.005956 0.011912 26.796875
2023-04-25T09:13:39.756587Z 1682414019.756587 60.000000 2251 eziemag AAAAAPeiZQ0A 39.255640 -76.956960 152.600000 3 25.687500 800 -29827.439070 29266.866029 66771.789025 0 0 0.653241 0.786640 9.948160 0.001374 -0.005651 0.011454 26.761719
2023-04-25T09:14:39.7801619Z 1682414079.780162 60.000000 2249 eziemag AAAAAPeiZQ0A 39.255640 -76.956960 152.600000 3 25.687500 800 -29826.029362 29267.510373 66772.305809 0 0 0.669392 0.786640 9.943973 0.001222 -0.006414 0.011606 26.765625
2023-04-25T09:15:39.7925804Z 1682414139.792580 60.000000 2244 eziemag AAAAAPeiZQ0A 39.255640 -76.956960 152.600000 3 25.687500 800 -29828.230600 29267.749140 66769.290147 0 0 0.664606 0.798605 9.946964 0.000764 -0.005956 0.011759 26.738281
2023-04-25T09:16:39.8013372Z 1682414199.801337 60.000000 2248 eziemag AAAAAPeiZQ0A 39.255640 -76.956960 152.600000 3 25.687500 800 -29827.834835 29266.915090 66770.755458 0 0 0.669392 0.796810 9.952946 0.001069 -0.006261 0.011454 26.781250
2023-04-25T09:17:39.8249917Z 1682414259.824992 60.000000 2249 eziemag AAAAAPeiZQ0A 39.255640 -76.956960 152.600000 3 25.687500 800 -29826.644270 29266.967423 66770.513420 0 0 0.665205 0.788435 9.947562 0.001069 -0.006567 0.011759 26.796875
2023-04-25T09:18:39.8267438Z 1682414319.826744 60.000000 2250 eziemag AAAAAPeiZQ0A 39.255640 -76.956960 152.600000 3 25.687500 800 -29825.388289 29266.077770 66771.062911 0 0 0.669392 0.796810 9.947562 0.001222 -0.005956 0.011301 26.757812
2023-04-25T09:19:39.8510923Z 1682414379.851092 60.000000 2245 eziemag AAAAAPeiZQ0A 39.255640 -76.956960 152.600000 3 25.687500 800 -29826.572312 29266.460452 66770.493795 0 0 0.671187 0.793221 9.939187 0.001374 -0.006414 0.010690 26.773438
2023-04-25T09:20:39.866033Z 1682414439.866033 60.000000 2250 eziemag AAAAAPeiZQ0A 39.255640 -76.956960 152.600000 3 25.687500 800 -29826.094778 29265.910960 66769.525643 0 0 0.669392 0.793221 9.942178 0.000764 -0.005956 0.011454 26.792969
2023-04-25T09:21:39.8822758Z 1682414499.882276 60.000000 2252 eziemag AAAAAPeiZQ0A 39.255640 -76.956960 152.600000 3 25.687500 800 -29827.524110 29266.136644 66769.761139 0 0 0.672383 0.800997 9.946964 0.001069 -0.005956 0.011759 26.765625
2023-04-25T09:22:39.9001515Z 1682414559.900151 60.000000 2249 eziemag AAAAAPeiZQ0A 39.255640 -76.956960 152.600000 3 25.687500 800 -29828.623094 29265.734338 66771.318032 0 0 0.667598 0.790230 9.950553 0.001069 -0.005803 0.011759 26.773438
2023-04-25T09:23:39.914097Z 1682414619.914097 60.000000 2245 eziemag AAAAAPeiZQ0A 39.255640 -76.956960 152.600000 3 25.687500 800 -29829.702452 29265.685276 66773.417875 0 0 0.662214 0.789033 9.954142 0.000916 -0.006261 0.010996 26.769531
2023-04-25T09:24:39.917357Z 1682414679.917357 60.000000 2250 eziemag AAAAAPeiZQ0A 39.255640 -76.956960 152.600000 3 25.687500 800 -29828.053977 29264.308276 66771.697443 0 0 0.666401 0.795614 9.943973 0.000458 -0.005803 0.010996 26.750000
2023-04-25T09:25:39.918089Z 1682414739.918089 60.000000 2251 eziemag AAAAAPeiZQ0A 39.255640 -76.956960 152.600000 3 25.687500 800 -29830.036072 29265.917501 66773.960825 0 0 0.668196 0.790230 9.952347 0.001069 -0.005803 0.011148 26.765625
2023-04-25T09:26:39.9393437Z 1682414799.939344 60.000000 2251 eziemag AAAAAPeiZQ0A 39.255640 -76.956960 152.600000 3 25.687500 800 -29829.542184 29265.515195 66772.652512 0 0 0.660419 0.794417 9.939785 0.000764 -0.006109 0.012065 26.781250
2023-04-25T09:27:39.9404345Z 1682414859.940434 60.000000 2247 eziemag AAAAAPeiZQ0A 39.255640 -76.956960 152.600000 3 25.687500 800 -29829.139877 29267.343563 66774.830854 0 0 0.672981 0.780060 9.949955 0.001222 -0.005956 0.011454 26.769531
2023-04-25T09:28:39.954668Z 1682414919.954668 60.000000 2252 eziemag AAAAAPeiZQ0A 39.255640 -76.956960 152.600000 3 25.687500 800 -29830.003364 29265.963292 66773.764578 0 0 0.663410 0.782453 9.948758 0.000764 -0.006567 0.011301 26.757812
2023-04-25T09:29:39.965309Z 1682414979.965309 60.000000 2250 eziemag AAAAAPeiZQ0A 39.255640 -76.956960 152.600000 3 25.687500 800 -29829.764597 29265.289511 66772.554388 0 0 0.677169 0.798605 9.951749 0.001222 -0.006109 0.011454 26.757812
2023-04-25T09:30:39.9703286Z 1682415039.970329 60.000000 2249 eziemag AAAAAPeiZQ0A 39.255640 -76.956960 152.600000 3 25.687500 800 -29828.966526 29264.396587 66770.873206 0 0 0.679562 0.793819 9.949356 0.001374 -0.005498 0.011759 26.742188
2023-04-25T09:31:39.9716496Z 1682415099.971650 60.000000 2246 eziemag AAAAAPeiZQ0A 39.255640 -76.956960 152.600000 3 25.687500 800 -29828.724488 29266.244580 66772.482431 0 0 0.671785 0.801596 9.943973 0.001069 -0.005803 0.011606 26.753906
2023-04-25T09:32:39.9797564Z 1682415159.979756 60.000000 2180 eziemag AAAAAPeiZQ0A 39.255640 -76.956960 152.600000 3 25.687500 800 -29829.045025 29264.344255 66772.685220 0 0 0.660419 0.784248 9.947562 0.001374 -0.005803 0.011606 26.714844
2023-04-25T09:33:40.0024111Z 1682415220.002411 60.000000 2250 eziemag AAAAAPeiZQ0A 39.255640 -76.956960 152.600000 3 25.687500 800 -29828.129205 29265.403988 66773.084255 0 0 0.665205 0.783051 9.949356 0.000916 -0.006261 0.011301 26.769531
2023-04-25T09:34:40.0073557Z 1682415280.007356 60.000000 2252 eziemag AAAAAPeiZQ0A 39.255640 -76.956960 152.600000 3 25.687500 800 -29827.821752 29263.879803 66772.508597 0 0 0.675972 0.788435 9.949955 0.001527 -0.005956 0.010996 26.753906
2023-04-25T09:35:40.0285032Z 1682415340.028503 60.000000 2247 eziemag AAAAAPeiZQ0A 39.255640 -76.956960 152.600000 3 25.687500 800 -29828.747383 29265.420342 66773.816911 0 0 0.671785 0.789631 9.943374 0.001527 -0.005803 0.011148 26.796875
2023-04-25T09:36:40.039972Z 1682415400.039972 60.000000 2251 eziemag AAAAAPeiZQ0A 39.255640 -76.956960 152.600000 3 25.687500 800 -29829.277250 29265.397447 66773.829994 0 0 0.670589 0.787837 9.945767 0.001680 -0.006872 0.010843 26.777344
2023-04-25T09:37:40.0582697Z 1682415460.058270 60.000000 2251 eziemag AAAAAPeiZQ0A 39.255640 -76.956960 152.600000 3 25.687500 800 -29829.218376 29266.460452 66772.724469 0 0 0.663410 0.800997 9.949356 0.001222 -0.005956 0.011606 26.796875
2023-04-25T09:38:40.0797193Z 1682415520.079719 60.000000 2247 eziemag AAAAAPeiZQ0A 39.255640 -76.956960 152.600000 3 25.687500 800 -29830.333713 29266.349245 66772.560930 0 0 0.657428 0.793819 9.948160 0.001374 -0.005803 0.011454 26.789062
2023-04-25T09:39:40.0924892Z 1682415580.092489 60.000000 2248 eziemag AAAAAPeiZQ0A 39.255640 -76.956960 152.600000 3 25.687500 800 -29829.273980 29266.375411 66772.397391 0 0 0.666999 0.790828 9.945169 0.001374 -0.006720 0.011148 26.738281
2023-04-25T09:40:40.098281Z 1682415640.098281 60.000000 2248 eziemag AAAAAPeiZQ0A 39.255640 -76.956960 152.600000 3 25.687500 800 -29827.517569 29265.397447 66771.874065 0 0 0.665803 0.798006 9.936196 0.001222 -0.006109 0.011301 26.765625
2023-04-25T09:41:40.1018898Z 1682415700.101890 60.000000 2251 eziemag AAAAAPeiZQ0A 39.255640 -76.956960 152.600000 3 25.687500 800 -29827.442341 29264.049884 66770.722750 0 0 0.671785 0.783649 9.941580 0.001069 -0.005651 0.010843 26.777344
2023-04-25T09:42:40.1247733Z 1682415760.124773 60.000000 2251 eziemag AAAAAPeiZQ0A 39.255640 -76.956960 152.600000 3 25.687500 800 -29828.050706 29264.426024 66772.508597 0 0 0.672383 0.784846 9.958928 0.001069 -0.006414 0.011454 26.769531
2023-04-25T09:43:40.148951Z 1682415820.148951 60.000000 2249 eziemag AAAAAPeiZQ0A 39.255640 -76.956960 152.600000 3 25.687500 800 -29830.631355 29264.834872 66773.293586 0 0 0.664008 0.792024 9.955338 0.001069 -0.005651 0.010996 26.726562
2023-04-25T09:44:40.1754448Z 1682415880.175445 60.000000 2249 eziemag AAAAAPeiZQ0A 39.255640 -76.956960 152.600000 3 25.687500 800 -29828.688509 29265.632943 66775.642008 0 0 0.661615 0.792024 9.943374 0.001680 -0.006567 0.011301 26.714844
2023-04-25T09:45:40.1776545Z 1682415940.177655 60.000000 2250 eziemag AAAAAPeiZQ0A 39.255640 -76.956960 152.600000 3 25.687500 800 -29828.093227 29266.045062 66774.287904 0 0 0.668196 0.795614 9.942776 0.000916 -0.005651 0.011454 26.796875
2023-04-25T09:46:40.1841052Z 1682416000.184105 60.000000 2249 eziemag AAAAAPeiZQ0A 39.255640 -76.956960 152.600000 3 25.687500 800 -29829.116982 29265.394176 66771.710526 0 0 0.668196 0.789033 9.940383 0.001069 -0.005803 0.011454 26.792969
2023-04-25T09:47:40.197194Z 1682416060.197194 60.000000 2249 eziemag AAAAAPeiZQ0A 39.255640 -76.956960 152.600000 3 25.687500 800 -29830.386046 29266.947798 66773.306669 0 0 0.664008 0.790230 9.948758 0.001985 -0.006261 0.011301 26.777344
2023-04-25T09:48:40.2127597Z 1682416120.212760 60.000000 2250 eziemag AAAAAPeiZQ0A 39.255640 -76.956960 152.600000 3 25.687500 800 -29829.614141 29267.516915 66774.150531 0 0 0.665803 0.790828 9.940981 0.001985 -0.006261 0.011759 26.800781
2023-04-25T09:49:40.2390385Z 1682416180.239038 60.000000 2248 eziemag AAAAAPeiZQ0A 39.255640 -76.956960 152.600000 3 25.625000 800 -29831.390176 29267.202919 66775.949462 0 0 0.660419 0.796810 9.943973 0.001069 -0.006567 0.011912 26.800781
2023-04-25T09:50:40.2510903Z 1682416240.251090 60.000000 2251 eziemag AAAAAPeiZQ0A 39.255640 -76.956960 152.600000 3 25.625000 800 -29829.937949 29267.389354 66774.222488 0 0 0.671785 0.794417 9.940981 0.001222 -0.006567 0.010843 26.781250
2023-04-25T09:51:40.2769928Z 1682416300.276993 60.000000 2248 eziemag AAAAAPeiZQ0A 39.255640 -76.956960 152.600000 3 25.625000 800 -29831.805566 29265.897877 66773.574873 0 0 0.679562 0.790828 9.951151 0.001222 -0.006261 0.011759 26.722656
2023-04-25T09:52:40.2908895Z 1682416360.290890 60.000000 2249 eziemag AAAAAPeiZQ0A 39.255640 -76.956960 152.600000 3 25.625000 800 -29830.157091 29266.126832 66773.568331 0 0 0.662812 0.789033 9.944571 0.000916 -0.006261 0.011148 26.750000
2023-04-25T09:53:40.2971654Z 1682416420.297165 60.000000 2249 eziemag AAAAAPeiZQ0A 39.255640 -76.956960 152.600000 3 25.625000 800 -29828.191350 29265.168492 66773.686080 0 0 0.670589 0.797408 9.952946 0.001527 -0.005651 0.011301 26.753906
2023-04-25T09:54:40.3047862Z 1682416480.304786 60.000000 2251 eziemag AAAAAPeiZQ0A 39.255640 -76.956960 152.600000 3 25.625000 800 -29831.792483 29266.388494 66774.386027 0 0 0.672981 0.798006 9.936794 0.001527 -0.006109 0.011301 26.773438
2023-04-25T09:55:40.3302877Z 1682416540.330288 60.000000 2249 eziemag AAAAAPeiZQ0A 39.255640 -76.956960 152.600000 3 25.625000 800 -29832.142457 29265.930585 66775.210265 0 0 0.671785 0.790828 9.933205 0.001069 -0.006109 0.011148 26.753906
2023-04-25T09:56:40.3535204Z 1682416600.353520 60.000000 2252 eziemag AAAAAPeiZQ0A 39.255640 -76.956960 152.600000 3 25.625000 800 -29832.855487 29265.456321 66775.125224 0 0 0.673580 0.792622 9.953544 0.001527 -0.006261 0.011759 26.738281
2023-04-25T09:57:40.370462Z 1682416660.370462 60.000000 2249 eziemag AAAAAPeiZQ0A 39.255640 -76.956960 152.600000 3 25.687500 800 -29830.618272 29265.184846 66775.112141 0 0 0.669990 0.791426 9.958928 0.001222 -0.006109 0.011759 26.742188
2023-04-25T09:58:40.3940907Z 1682416720.394091 60.000000 2249 eziemag AAAAAPeiZQ0A 39.255640 -76.956960 152.600000 3 25.625000 800 -29830.242131 29263.444789 66773.502916 0 0 0.663410 0.788435 9.947562 0.001069 -0.006567 0.011148 26.753906
2023-04-25T09:59:40.4145806Z 1682416780.414581 60.000000 2250 eziemag AAAAAPeiZQ0A 39.255640 -76.956960 152.600000 3 25.687500 800 -29832.103207 29266.565117 66776.472787 0 0 0.666401 0.793221 9.948160 0.001069 -0.006261 0.011454 26.734375
