2023-04-25T00:00:32.3940127Z 1682380832.394013 60.000000 2250 eziemag AAAAAPeiZQ0A 39.255640 -76.956960 152.600000 3 25.437500 800 -29797.616066 29269.603674 66772.901092 0 0 0.668794 0.786042 9.948758 0.001069 -0.006414 0.011454 26.535156
2023-04-25T00:01:32.3969893Z 1682380892.396989 60.000000 2244 eziemag AAAAAPeiZQ0A 39.255640 -76.956960 152.600000 3 25.437500 800 -29797.481964 29269.162119 66770.958246 0 0 0.678365 0.787837 9.946365 0.001222 -0.006720 0.011606 26.539062
2023-04-25T00:02:32.418443Z 1682380952.418443 60.000000 2248 eziemag AAAAAPeiZQ0A 39.255640 -76.956960 152.600000 3 25.500000 800 -29798.433762 29270.679762 66772.528222 0 0 0.662812 0.796212 9.939785 0.001222 -0.005956 0.011454 26.519531
2023-04-25T00:03:32.4244387Z 1682381012.424439 60.000000 2247 eziemag AAAAAPeiZQ0A 39.255640 -76.956960 152.600000 3 25.437500 800 -29800.285025 29271.494187 66773.136588 0 0 0.668794 0.787837 9.947562 0.000916 -0.006261 0.011301 26.511719
2023-04-25T00:04:32.4333768Z 1682381072.433377 60.000000 2248 eziemag AAAAAPeiZQ0A 39.255640 -76.956960 152.600000 3 25.437500 800 -29801.236823 29270.660138 66772.920716 0 0 0.661017 0.796212 9.952347 0.000916 -0.005803 0.011454 26.535156
2023-04-25T00:05:32.4402184Z 1682381132.440218 60.000000 2238 eziemag AAAAAPeiZQ0A 39.255640 -76.956960 152.600000 3 25.437500 800 -29803.859992 29271.660997 66772.417016 0 0 0.670589 0.803988 9.954142 0.001985 -0.006261 0.011148 26.535156
2023-04-25T00:06:32.4572961Z 1682381192.457296 60.000000 2249 eziemag AAAAAPeiZQ0A 39.255640 -76.956960 152.600000 3 25.437500 800 -29797.622608 29266.293642 66772.076854 0 0 0.663410 0.780658 9.943374 0.001527 -0.006261 0.011454 26.539062
2023-04-25T00:07:32.464631Z 1682381252.464631 60.000000 2249 eziemag AAAAAPeiZQ0A 39.255640 -76.956960 152.600000 3 25.375000 800 -29795.983945 29264.968974 66771.645111 0 0 0.668794 0.795614 9.949356 0.000916 -0.005803 0.011148 26.507812
2023-04-25T00:08:32.466117Z 1682381312.466117 60.000000 2242 eziemag AAAAAPeiZQ0A 39.255640 -76.956960 152.600000 3 25.437500 800 -29797.773064 29265.992730 66772.639429 0 0 0.662812 0.795015 9.945169 0.001374 -0.006414 0.010996 26.574219
2023-04-25T00:09:32.4726415Z 1682381372.472641 60.000000 2249 eziemag AAAAAPeiZQ0A 39.255640 -76.956960 152.600000 3 25.437500 800 -29796.831078 29266.175893 66775.648550 0 0 0.656830 0.789631 9.966704 0.000611 -0.005498 0.011148 26.527344
2023-04-25T00:10:32.4821064Z 1682381432.482106 60.000000 2248 eziemag AAAAAPeiZQ0A 39.255640 -76.956960 152.600000 3 25.437500 800 -29795.185874 29265.593694 66773.424417 0 0 0.667598 0.787837 9.949356 0.001374 -0.006261 0.011454 26.554688
2023-04-25T00:11:32.500555Z 1682381492.500555 60.000000 2244 eziemag AAAAAPeiZQ0A 39.255640 -76.956960 152.600000 3 25.500000 800 -29796.965180 29266.816967 66771.553529 0 0 0.663410 0.789631 9.946964 0.001680 -0.005192 0.011148 26.550781
2023-04-25T00:12:32.5245757Z 1682381552.524576 60.000000 2249 eziemag AAAAAPeiZQ0A 39.255640 -76.956960 152.600000 3 25.500000 800 -29794.512093 29267.310855 66774.104740 0 0 0.672981 0.789033 9.937392 0.001069 -0.005803 0.011301 26.492188
2023-04-25T00:13:32.5348024Z 1682381612.534802 60.000000 2248 eziemag AAAAAPeiZQ0A 39.255640 -76.956960 152.600000 3 25.500000 800 -29794.845712 29268.589732 66773.758037 0 0 0.657428 0.783649 9.949356 0.001374 -0.006261 0.011759 26.558594
2023-04-25T00:14:32.5384903Z 1682381672.538490 60.000000 2250 eziemag AAAAAPeiZQ0A 39.255640 -76.956960 152.600000 3 25.437500 800 -29794.786838 29268.442546 66775.962545 0 0 0.669392 0.784846 9.937990 0.001374 -0.006567 0.011454 26.531250
2023-04-25T00:15:32.55939Z 1682381732.559390 60.000000 2247 eziemag AAAAAPeiZQ0A 39.255640 -76.956960 152.600000 3 25.437500 800 -29794.230805 29268.403297 66772.312350 0 0 0.662812 0.795015 9.949356 0.001069 -0.006261 0.011301 26.550781
2023-04-25T00:16:32.5597208Z 1682381792.559721 60.000000 2249 eziemag AAAAAPeiZQ0A 39.255640 -76.956960 152.600000 3 25.437500 800 -29793.494879 29268.593002 66773.646830 0 0 0.666401 0.790230 9.947562 0.001069 -0.006872 0.011454 26.578125
2023-04-25T00:17:32.5698764Z 1682381852.569876 60.000000 2248 eziemag AAAAAPeiZQ0A 39.255640 -76.956960 152.600000 3 25.437500 800 -29793.122010 29269.139223 66773.829994 0 0 0.664606 0.800997 9.956535 0.001833 -0.006109 0.011454 26.531250
2023-04-25T00:18:32.5779984Z 1682381912.577998 60.000000 2250 eziemag AAAAAPeiZQ0A 39.255640 -76.956960 152.600000 3 25.500000 800 -29791.188977 29268.602815 66774.222488 0 0 0.662214 0.795015 9.944571 0.000916 -0.005956 0.011301 26.515625
2023-04-25T00:19:32.585697Z 1682381972.585697 60.000000 2248 eziemag AAAAAPeiZQ0A 39.255640 -76.956960 152.600000 3 25.500000 800 -29791.767905 29268.023886 66772.358141 0 0 0.668794 0.791426 9.944571 0.001985 -0.006261 0.011606 26.574219
2023-04-25T00:20:32.588059Z 1682382032.588059 60.000000 2250 eziemag AAAAAPeiZQ0A 39.255640 -76.956960 152.600000 3 25.500000 800 -29792.310855 29268.838311 66771.324574 0 0 0.670589 0.782453 9.949356 0.000916 -0.006261 0.011606 26.562500
2023-04-25T00:21:32.5981705Z 1682382092.598171 60.000000 2249 eziemag AAAAAPeiZQ0A 39.255640 -76.956960 152.600000 3 25.500000 800 -29792.081900 29267.444957 66771.318032 0 0 0.674776 0.805783 9.945169 0.001222 -0.005956 0.011301 26.539062
2023-04-25T00:22:32.6120594Z 1682382152.612059 60.000000 2249 eziemag AAAAAPeiZQ0A 39.255640 -76.956960 152.600000 3 25.500000 800 -29792.199649 29268.210321 66772.338517 0 0 0.664008 0.791426 9.939785 0.001833 -0.006414 0.011454 26.585938
2023-04-25T00:23:32.6234653Z 1682382212.623465 60.000000 2244 eziemag AAAAAPeiZQ0A 39.255640 -76.956960 152.600000 3 25.437500 800 -29792.752411 29267.798202 66773.529082 0 0 0.669990 0.789033 9.963713 0.001680 -0.006261 0.011759 26.554688
2023-04-25T00:24:32.635807Z 1682382272.635807 60.000000 2190 eziemag AAAAAPeiZQ0A 39.255640 -76.956960 152.600000 3 25.437500 800 -29790.050744 29266.689406 66770.670417 0 0 0.674178 0.781855 9.948758 0.001069 -0.006261 0.011606 26.562500
2023-04-25T00:25:32.6498537Z 1682382332.649854 60.000000 2248 eziemag AAAAAPeiZQ0A 39.255640 -76.956960 152.600000 3 25.437500 800 -29789.919913 29266.411390 66770.271382 0 0 0.671187 0.793819 9.953544 0.001527 -0.006261 0.011148 26.550781
2023-04-25T00:26:32.6620994Z 1682382392.662099 60.000000 2248 eziemag AAAAAPeiZQ0A 39.255640 -76.956960 152.600000 3 25.500000 800 -29788.670473 29266.051604 66770.670417 0 0 0.665803 0.789033 9.956535 0.001222 -0.006567 0.011454 26.574219
2023-04-25T00:27:32.682483Z 1682382452.682483 60.000000 2248 eziemag AAAAAPeiZQ0A 39.255640 -76.956960 152.600000 3 25.500000 800 -29790.201200 29266.522596 66770.055510 0 0 0.663410 0.792622 9.948758 0.001069 -0.006109 0.010996 26.503906
2023-04-25T00:28:32.7001977Z 1682382512.700198 60.000000 2249 eziemag AAAAAPeiZQ0A 39.255640 -76.956960 152.600000 3 25.500000 800 -29791.064687 29267.585601 66769.957386 0 0 0.668196 0.797408 9.955338 0.001680 -0.006414 0.011912 26.570312
2023-04-25T00:29:32.7130964Z 1682382572.713096 60.000000 2249 eziemag AAAAAPeiZQ0A 39.255640 -76.956960 152.600000 3 25.500000 800 -29789.399858 29268.141634 66770.153633 0 0 0.669392 0.788435 9.949356 0.001527 -0.006414 0.011148 26.527344
2023-04-25T00:30:32.7274091Z 1682382632.727409 60.000000 2249 eziemag AAAAAPeiZQ0A 39.255640 -76.956960 152.600000 3 25.500000 800 -29790.600235 29268.818686 66770.775082 0 0 0.674776 0.798006 9.944571 0.001527 -0.005803 0.011148 26.582031
2023-04-25T00:31:32.730394Z 1682382692.730394 60.000000 2245 eziemag AAAAAPeiZQ0A 39.255640 -76.956960 152.600000 3 25.500000 800 -29793.848124 29269.714881 66773.149671 0 0 0.674776 0.791426 9.942178 0.001069 -0.006414 0.011759 26.578125
2023-04-25T00:32:32.7364128Z 1682382752.736413 60.000000 2249 eziemag AAAAAPeiZQ0A 39.255640 -76.956960 152.600000 3 25.500000 800 -29792.314126 29268.851394 66770.173258 0 0 0.672383 0.789033 9.949955 0.000916 -0.006109 0.011301 26.566406
2023-04-25T00:33:32.7393847Z 1682382812.739385 60.000000 2250 eziemag AAAAAPeiZQ0A 39.255640 -76.956960 152.600000 3 25.500000 800 -29791.980506 29265.525007 66769.205106 0 0 0.669990 0.789631 9.945169 0.001222 -0.006261 0.011606 26.550781
2023-04-25T00:34:32.7434592Z 1682382872.743459 60.000000 2182 eziemag AAAAAPeiZQ0A 39.255640 -76.956960 152.600000 3 25.500000 800 -29789.553585 29259.997383 66764.769924 0 0 0.662812 0.788435 9.942776 0.001069 -0.006109 0.011301 26.531250
2023-04-25T00:35:32.762005Z 1682382932.762005 60.000000 2248 eziemag AAAAAPeiZQ0A 39.255640 -76.956960 152.600000 3 25.500000 800 -29788.703181 29260.281942 66765.214750 0 0 0.662812 0.793819 9.943374 0.001222 -0.006567 0.010996 26.531250
2023-04-25T00:36:32.7810736Z 1682382992.781074 60.000000 2248 eziemag AAAAAPeiZQ0A 39.255640 -76.956960 152.600000 3 25.500000 800 -29788.686827 29261.632775 66766.902475 0 0 0.668196 0.787239 9.945169 0.001069 -0.005803 0.011301 26.574219
2023-04-25T00:37:32.8031404Z 1682383052.803140 60.000000 2249 eziemag AAAAAPeiZQ0A 39.255640 -76.956960 152.600000 3 25.500000 800 -29788.500392 29260.481459 66767.072555 0 0 0.678365 0.788435 9.943374 0.001680 -0.006567 0.011301 26.585938
2023-04-25T00:38:32.822125Z 1682383112.822125 60.000000 2247 eziemag AAAAAPeiZQ0A 39.255640 -76.956960 152.600000 3 25.500000 800 -29790.070369 29260.736580 66765.600703 0 0 0.668794 0.791426 9.949356 0.001374 -0.006109 0.011454 26.566406
2023-04-25T00:39:32.8367085Z 1682383172.836709 60.000000 2247 eziemag AAAAAPeiZQ0A 39.255640 -76.956960 152.600000 3 25.500000 800 -29789.376962 29261.155241 66767.988375 0 0 0.673580 0.793221 9.952347 0.000764 -0.006109 0.011301 26.578125
2023-04-25T00:40:32.8482265Z 1682383232.848227 60.000000 2249 eziemag AAAAAPeiZQ0A 39.255640 -76.956960 152.600000 3 25.500000 800 -29788.732618 29262.247682 66769.021942 0 0 0.667598 0.793221 9.958329 0.000764 -0.006261 0.011759 26.570312
2023-04-25T00:41:32.8613043Z 1682383292.861304 60.000000 2249 eziemag AAAAAPeiZQ0A 39.255640 -76.956960 152.600000 3 25.500000 800 -29787.901839 29260.978618 66767.281885 0 0 0.665803 0.790828 9.951749 0.001374 -0.006414 0.011148 26.574219
2023-04-25T00:42:32.885829Z 1682383352.885829 60.000000 2249 eziemag AAAAAPeiZQ0A 39.255640 -76.956960 152.600000 3 25.437500 800 -29791.260934 29265.734338 66771.494655 0 0 0.665803 0.800399 9.942776 0.000611 -0.006414 0.011606 26.562500
2023-04-25T00:43:32.9063895Z 1682383412.906389 60.000000 2247 eziemag AAAAAPeiZQ0A 39.255640 -76.956960 152.600000 3 25.500000 800 -29792.340292 29266.473535 66770.369505 0 0 0.668196 0.783649 9.955338 0.001680 -0.006109 0.011148 26.578125
2023-04-25T00:44:32.9236472Z 1682383472.923647 60.000000 2249 eziemag AAAAAPeiZQ0A 39.255640 -76.956960 152.600000 3 25.500000 800 -29788.794763 29259.961405 66768.550949 0 0 0.666401 0.789033 9.950553 0.001069 -0.005651 0.011148 26.578125
2023-04-25T00:45:32.938252Z 1682383532.938252 60.000000 2248 eziemag AAAAAPeiZQ0A 39.255640 -76.956960 152.600000 3 25.437500 800 -29788.719535 29261.318780 66768.001458 0 0 0.674776 0.790828 9.946365 0.001069 -0.005040 0.011148 26.574219
2023-04-25T00:46:32.9607584Z 1682383592.960758 60.000000 2249 eziemag AAAAAPeiZQ0A 39.255640 -76.956960 152.600000 3 25.500000 800 -29789.432566 29262.820070 66768.518242 0 0 0.659821 0.798006 9.935598 0.001527 -0.005956 0.012065 26.585938
2023-04-25T00:47:32.9738212Z 1682383652.973821 60.000000 2248 eziemag AAAAAPeiZQ0A 39.255640 -76.956960 152.600000 3 25.500000 800 -29791.372140 29262.823340 66770.578835 0 0 0.663410 0.790828 9.939187 0.001069 -0.006109 0.010996 26.578125
2023-04-25T00:48:32.9970639Z 1682383712.997064 60.000000 2251 eziemag AAAAAPeiZQ0A 39.255640 -76.956960 152.600000 3 25.500000 800 -29791.323079 29262.656530 66770.781624 0 0 0.668196 0.786042 9.955338 0.001069 -0.005803 0.011148 26.562500
2023-04-25T00:49:33.0181506Z 1682383773.018151 60.000000 2250 eziemag AAAAAPeiZQ0A 39.255640 -76.956960 152.600000 3 25.500000 800 -29791.097395 29262.816799 66772.580555 0 0 0.672383 0.790828 9.953544 0.001680 -0.005651 0.011759 26.601562
2023-04-25T00:50:33.0298133Z 1682383833.029813 60.000000 2244 eziemag AAAAAPeiZQ0A 39.255640 -76.956960 152.600000 3 25.500000 800 -29793.812145 29269.086891 66774.752355 0 0 0.661017 0.786042 9.933205 0.001069 -0.006261 0.011148 26.574219
2023-04-25T00:51:33.0339372Z 1682383893.033937 60.000000 2249 eziemag AAAAAPeiZQ0A 39.255640 -76.956960 152.600000 3 25.500000 800 -29794.970002 29269.276596 66774.556108 0 0 0.674178 0.795614 9.955338 0.001374 -0.005956 0.011454 26.605469
2023-04-25T00:52:33.035037Z 1682383953.035037 60.000000 2250 eziemag AAAAAPeiZQ0A 39.255640 -76.956960 152.600000 3 25.500000 800 -29795.555472 29269.459760 66774.444901 0 0 0.658026 0.792622 9.948160 0.000916 -0.006109 0.010996 26.601562
2023-04-25T00:53:33.0393429Z 1682384013.039343 60.000000 2249 eziemag AAAAAPeiZQ0A 39.255640 -76.956960 152.600000 3 25.562500 800 -29795.931613 29269.570967 66776.099918 0 0 0.657428 0.792024 9.954142 0.001374 -0.005956 0.011454 26.601562
2023-04-25T00:54:33.0498006Z 1682384073.049801 60.000000 2249 eziemag AAAAAPeiZQ0A 39.255640 -76.956960 152.600000 3 25.562500 800 -29794.763943 29268.730375 66773.849619 0 0 0.677169 0.795015 9.952946 0.000916 -0.006261 0.011301 26.605469
2023-04-25T00:55:33.0733793Z 1682384133.073379 60.000000 2243 eziemag AAAAAPeiZQ0A 39.255640 -76.956960 152.600000 3 25.500000 800 -29797.527755 29268.481796 66775.308388 0 0 0.668794 0.789631 9.941580 0.001069 -0.006109 0.011454 26.609375
2023-04-25T00:56:33.075967Z 1682384193.075967 60.000000 2249 eziemag AAAAAPeiZQ0A 39.255640 -76.956960 152.600000 3 25.500000 800 -29794.613487 29267.546352 66773.581414 0 0 0.668196 0.798006 9.944571 0.001680 -0.005651 0.011301 26.613281
2023-04-25T00:57:33.0963886Z 1682384253.096389 60.000000 2250 eziemag AAAAAPeiZQ0A 39.255640 -76.956960 152.600000 3 25.500000 800 -29796.526895 29269.054183 66775.295305 0 0 0.668196 0.791426 9.954142 0.001222 -0.005956 0.011301 26.617188
2023-04-25T00:58:33.1199036Z 1682384313.119904 60.000000 2251 eziemag AAAAAPeiZQ0A 39.255640 -76.956960 152.600000 3 25.562500 800 -29795.431183 29268.485067 66775.249514 0 0 0.666999 0.795015 9.951151 0.000764 -0.006261 0.011454 26.578125
2023-04-25T00:59:33.126487Z 1682384373.126487 60.000000 2248 eziemag AAAAAPeiZQ0A 39.255640 -76.956960 152.600000 3 25.500000 800 -29795.709199 29269.109786 66776.413913 0 0 0.662812 0.796810 9.941580 0.001069 -0.006261 0.010996 26.582031
