2023-04-25T06:00:37.1397336Z 1682402437.139734 60.000000 2250 eziemag AAAAAPeiZQ0A 39.255640 -76.956960 152.600000 3 25.687500 800 -29808.386756 29267.529998 66773.489833 0 0 0.668196 0.790230 9.950553 0.001222 -0.006109 0.011606 26.753906
2023-04-25T06:01:37.1563861Z 1682402497.156386 60.000000 2249 eziemag AAAAAPeiZQ0A 39.255640 -76.956960 152.600000 3 25.687500 800 -29809.750673 29269.060724 66773.005757 0 0 0.661615 0.790828 9.941580 0.001069 -0.006261 0.012065 26.738281
2023-04-25T06:02:37.1579578Z 1682402557.157958 60.000000 2250 eziemag AAAAAPeiZQ0A 39.255640 -76.956960 152.600000 3 25.625000 800 -29811.101506 29266.934715 66772.371225 0 0 0.675374 0.791426 9.946365 0.001833 -0.006414 0.011759 26.738281
2023-04-25T06:03:37.1586158Z 1682402617.158616 60.000000 2248 eziemag AAAAAPeiZQ0A 39.255640 -76.956960 152.600000 3 25.687500 800 -29808.975497 29267.441687 66771.036745 0 0 0.671187 0.792622 9.944571 0.001069 -0.005651 0.011454 26.718750
2023-04-25T06:04:37.1666114Z 1682402677.166611 60.000000 2251 eziemag AAAAAPeiZQ0A 39.255640 -76.956960 152.600000 3 25.687500 800 -29807.977908 29268.298632 66772.312350 0 0 0.659821 0.790828 9.957731 0.000611 -0.005956 0.011454 26.734375
2023-04-25T06:05:37.1794233Z 1682402737.179423 60.000000 2251 eziemag AAAAAPeiZQ0A 39.255640 -76.956960 152.600000 3 25.625000 800 -29808.991851 29269.440135 66775.648550 0 0 0.666999 0.793221 9.949955 0.001680 -0.006109 0.011301 26.750000
2023-04-25T06:06:37.199298Z 1682402797.199298 60.000000 2250 eziemag AAAAAPeiZQ0A 39.255640 -76.956960 152.600000 3 25.625000 800 -29809.534801 29268.785979 66774.353319 0 0 0.665803 0.786640 9.954142 0.001527 -0.006261 0.011148 26.722656
2023-04-25T06:07:37.2138276Z 1682402857.213828 60.000000 2251 eziemag AAAAAPeiZQ0A 39.255640 -76.956960 152.600000 3 25.687500 800 -29809.927295 29268.122010 66773.241253 0 0 0.669392 0.802792 9.952347 0.001069 -0.006109 0.011606 26.750000
2023-04-25T06:08:37.2394793Z 1682402917.239479 60.000000 2247 eziemag AAAAAPeiZQ0A 39.255640 -76.956960 152.600000 3 25.687500 800 -29809.740860 29261.070200 66771.658194 0 0 0.667598 0.798605 9.943374 0.001069 -0.005651 0.011454 26.734375
2023-04-25T06:09:37.258992Z 1682402977.258992 60.000000 2251 eziemag AAAAAPeiZQ0A 39.255640 -76.956960 152.600000 3 25.687500 800 -29809.031100 29259.667034 66773.548707 0 0 0.669990 0.790828 9.946964 0.000916 -0.006414 0.010843 26.734375
2023-04-25T06:10:37.2663028Z 1682403037.266303 60.000000 2251 eziemag AAAAAPeiZQ0A 39.255640 -76.956960 152.600000 3 25.687500 800 -29808.713834 29258.744673 66773.457125 0 0 0.675972 0.791426 9.951151 0.001222 -0.005803 0.011454 26.742188
2023-04-25T06:11:37.2700894Z 1682403097.270089 60.000000 2249 eziemag AAAAAPeiZQ0A 39.255640 -76.956960 152.600000 3 25.687500 800 -29811.824350 29260.017008 66774.850478 0 0 0.672383 0.790828 9.946365 0.001069 -0.005956 0.010843 26.718750
2023-04-25T06:12:37.2715092Z 1682403157.271509 60.000000 2251 eziemag AAAAAPeiZQ0A 39.255640 -76.956960 152.600000 3 25.687500 800 -29809.289492 29258.806818 66774.130906 0 0 0.674776 0.791426 9.949955 0.000916 -0.005498 0.011454 26.718750
2023-04-25T06:13:37.294637Z 1682403217.294637 60.000000 2252 eziemag AAAAAPeiZQ0A 39.255640 -76.956960 152.600000 3 25.687500 800 -29808.785792 29266.777718 66774.170156 0 0 0.663410 0.793819 9.949955 0.001222 -0.006414 0.011912 26.753906
2023-04-25T06:14:37.3169096Z 1682403277.316910 60.000000 2251 eziemag AAAAAPeiZQ0A 39.255640 -76.956960 152.600000 3 25.687500 800 -29809.780110 29267.843993 66774.778521 0 0 0.672981 0.795015 9.946365 0.000611 -0.005956 0.010996 26.714844
2023-04-25T06:15:37.3273602Z 1682403337.327360 60.000000 2249 eziemag AAAAAPeiZQ0A 39.255640 -76.956960 152.600000 3 25.625000 800 -29808.344236 29269.021475 66773.594498 0 0 0.661017 0.798006 9.954142 0.001374 -0.006872 0.011148 26.761719
2023-04-25T06:16:37.349988Z 1682403397.349988 60.000000 2229 eziemag AAAAAPeiZQ0A 39.255640 -76.956960 152.600000 3 25.625000 800 -29810.139896 29269.348553 66775.079433 0 0 0.668794 0.796212 9.954142 0.001069 -0.005651 0.011301 26.738281
2023-04-25T06:17:37.351572Z 1682403457.351572 60.000000 2250 eziemag AAAAAPeiZQ0A 39.255640 -76.956960 152.600000 3 25.687500 800 -29807.994262 29269.194827 66775.210265 0 0 0.670589 0.795015 9.948758 0.001069 -0.006261 0.011301 26.734375
2023-04-25T06:18:37.3725817Z 1682403517.372582 60.000000 2250 eziemag AAAAAPeiZQ0A 39.255640 -76.956960 152.600000 3 25.687500 800 -29806.139728 29268.684584 66773.646830 0 0 0.670589 0.789631 9.952347 0.001222 -0.006261 0.011148 26.722656
2023-04-25T06:19:37.3897603Z 1682403577.389760 60.000000 2250 eziemag AAAAAPeiZQ0A 39.255640 -76.956960 152.600000 3 25.625000 800 -29809.593675 29267.772036 66771.815191 0 0 0.667598 0.787239 9.940981 0.001527 -0.005651 0.011148 26.730469
2023-04-25T06:20:37.3931992Z 1682403637.393199 60.000000 2251 eziemag AAAAAPeiZQ0A 39.255640 -76.956960 152.600000 3 25.625000 800 -29808.762896 29268.089302 66773.849619 0 0 0.669392 0.791426 9.943973 0.001222 -0.006109 0.011912 26.718750
2023-04-25T06:21:37.4197056Z 1682403697.419706 60.000000 2251 eziemag AAAAAPeiZQ0A 39.255640 -76.956960 152.600000 3 25.625000 800 -29809.724507 29268.017344 66772.979590 0 0 0.669990 0.784248 9.955338 0.001069 -0.005956 0.011454 26.710938
2023-04-25T06:22:37.4436593Z 1682403757.443659 60.000000 2250 eziemag AAAAAPeiZQ0A 39.255640 -76.956960 152.600000 3 25.625000 800 -29810.231478 29268.959330 66775.105600 0 0 0.672383 0.792024 9.947562 0.001222 -0.005345 0.011148 26.714844
2023-04-25T06:23:37.468831Z 1682403817.468831 60.000000 2249 eziemag AAAAAPeiZQ0A 39.255640 -76.956960 152.600000 3 25.625000 800 -29810.996841 29269.355095 66773.960825 0 0 0.675972 0.793819 9.957731 0.000764 -0.006567 0.011606 26.742188
2023-04-25T06:24:37.4730368Z 1682403877.473037 60.000000 2250 eziemag AAAAAPeiZQ0A 39.255640 -76.956960 152.600000 3 25.625000 800 -29810.918343 29269.054183 66776.682117 0 0 0.671187 0.787837 9.944571 0.000764 -0.005651 0.011301 26.714844
2023-04-25T06:25:37.4892254Z 1682403937.489225 60.000000 2250 eziemag AAAAAPeiZQ0A 39.255640 -76.956960 152.600000 3 25.687500 800 -29810.643597 29268.687855 66775.197182 0 0 0.661017 0.783649 9.948758 0.000916 -0.005498 0.011454 26.726562
2023-04-25T06:26:37.497064Z 1682403997.497064 60.000000 2250 eziemag AAAAAPeiZQ0A 39.255640 -76.956960 152.600000 3 25.625000 800 -29807.670455 29268.364048 66773.607581 0 0 0.671187 0.783649 9.947562 0.001374 -0.006261 0.011301 26.707031
2023-04-25T06:27:37.509003Z 1682404057.509003 60.000000 2247 eziemag AAAAAPeiZQ0A 39.255640 -76.956960 152.600000 3 25.687500 800 -29810.313248 29269.135952 66774.359861 0 0 0.664606 0.787837 9.950553 0.000764 -0.006261 0.011606 26.738281
2023-04-25T06:28:37.5216937Z 1682404117.521694 60.000000 2251 eziemag AAAAAPeiZQ0A 39.255640 -76.956960 152.600000 3 25.625000 800 -29807.516728 29268.197238 66774.529942 0 0 0.669392 0.790828 9.949356 0.001680 -0.006109 0.011148 26.738281
2023-04-25T06:29:37.5387223Z 1682404177.538722 60.000000 2251 eziemag AAAAAPeiZQ0A 39.255640 -76.956960 152.600000 3 25.687500 800 -29810.339414 29268.386943 66775.923295 0 0 0.671785 0.800997 9.957731 0.000458 -0.005498 0.011912 26.722656
2023-04-25T06:30:37.5554361Z 1682404237.555436 60.000000 2251 eziemag AAAAAPeiZQ0A 39.255640 -76.956960 152.600000 3 25.687500 800 -29809.681986 29269.149036 66775.112141 0 0 0.668196 0.791426 9.943374 0.000916 -0.005803 0.011301 26.738281
2023-04-25T06:31:37.572645Z 1682404297.572645 60.000000 2248 eziemag AAAAAPeiZQ0A 39.255640 -76.956960 152.600000 3 25.687500 800 -29810.368851 29268.059865 66773.594498 0 0 0.680160 0.795614 9.939785 0.001069 -0.005956 0.010843 26.753906
2023-04-25T06:32:37.5836165Z 1682404357.583616 60.000000 2250 eziemag AAAAAPeiZQ0A 39.255640 -76.956960 152.600000 3 25.687500 800 -29810.686117 29269.433594 66775.615842 0 0 0.670589 0.795614 9.953544 0.001833 -0.006261 0.011606 26.707031
2023-04-25T06:33:37.5954373Z 1682404417.595437 60.000000 2251 eziemag AAAAAPeiZQ0A 39.255640 -76.956960 152.600000 3 25.687500 800 -29810.807136 29269.515363 66775.687799 0 0 0.665205 0.800399 9.938589 0.001222 -0.006261 0.011606 26.734375
2023-04-25T06:34:37.621202Z 1682404477.621202 60.000000 2244 eziemag AAAAAPeiZQ0A 39.255640 -76.956960 152.600000 3 25.687500 800 -29815.477815 29271.425501 66773.921576 0 0 0.655035 0.790828 9.949356 0.001069 -0.005956 0.011759 26.792969
2023-04-25T06:35:37.6299126Z 1682404537.629913 60.000000 2249 eziemag AAAAAPeiZQ0A 39.255640 -76.956960 152.600000 3 25.687500 800 -29812.063117 29267.634663 66771.900232 0 0 0.666999 0.799203 9.954740 0.001069 -0.006109 0.011606 26.757812
2023-04-25T06:36:37.6427116Z 1682404597.642712 60.000000 2252 eziemag AAAAAPeiZQ0A 39.255640 -76.956960 152.600000 3 25.687500 800 -29811.068799 29268.661689 66774.804688 0 0 0.671785 0.787239 9.942776 0.001680 -0.006109 0.011148 26.734375
2023-04-25T06:37:37.666444Z 1682404657.666444 60.000000 2250 eziemag AAAAAPeiZQ0A 39.255640 -76.956960 152.600000 3 25.625000 800 -29810.542202 29269.518634 66774.425277 0 0 0.663410 0.798006 9.950553 0.000916 -0.005803 0.011301 26.726562
2023-04-25T06:38:37.667669Z 1682404717.667669 60.000000 2250 eziemag AAAAAPeiZQ0A 39.255640 -76.956960 152.600000 3 25.687500 800 -29813.561136 29269.786838 66773.267419 0 0 0.672383 0.790230 9.947562 0.001527 -0.006261 0.010996 26.765625
2023-04-25T06:39:37.6938627Z 1682404777.693863 60.000000 2248 eziemag AAAAAPeiZQ0A 39.255640 -76.956960 152.600000 3 25.625000 800 -29813.737758 29271.203088 66776.086835 0 0 0.662214 0.791426 9.948758 0.001069 -0.005651 0.011912 26.718750
2023-04-25T06:40:37.6968982Z 1682404837.696898 60.000000 2248 eziemag AAAAAPeiZQ0A 39.255640 -76.956960 152.600000 3 25.625000 800 -29811.788371 29270.287268 66776.688659 0 0 0.662214 0.792622 9.940981 0.000916 -0.006414 0.011912 26.746094
2023-04-25T06:41:37.6971323Z 1682404897.697132 60.000000 2252 eziemag AAAAAPeiZQ0A 39.255640 -76.956960 152.600000 3 25.687500 800 -29814.509663 29270.866197 66776.512036 0 0 0.666999 0.789631 9.948758 0.001222 -0.005803 0.010996 26.769531
2023-04-25T06:42:37.7213378Z 1682404957.721338 60.000000 2252 eziemag AAAAAPeiZQ0A 39.255640 -76.956960 152.600000 3 25.625000 800 -29813.391055 29269.485926 66776.930697 0 0 0.666401 0.789631 9.947562 0.000611 -0.005956 0.011301 26.734375
2023-04-25T06:43:37.7455466Z 1682405017.745547 60.000000 2248 eziemag AAAAAPeiZQ0A 39.255640 -76.956960 152.600000 3 25.687500 800 -29813.113038 29270.313435 66775.681257 0 0 0.665803 0.792024 9.946365 0.001527 -0.005498 0.011301 26.750000
2023-04-25T06:44:37.763407Z 1682405077.763407 60.000000 2250 eziemag AAAAAPeiZQ0A 39.255640 -76.956960 152.600000 3 25.687500 800 -29807.634476 29269.433594 66776.348497 0 0 0.669990 0.795015 9.947562 0.001985 -0.006261 0.011148 26.707031
2023-04-25T06:45:37.774977Z 1682405137.774977 60.000000 2251 eziemag AAAAAPeiZQ0A 39.255640 -76.956960 152.600000 3 25.625000 800 -29809.279680 29269.342012 66773.228170 0 0 0.658026 0.789631 9.944571 0.001222 -0.005803 0.011759 26.738281
2023-04-25T06:46:37.7814157Z 1682405197.781416 60.000000 2252 eziemag AAAAAPeiZQ0A 39.255640 -76.956960 152.600000 3 25.625000 800 -29810.368851 29269.057454 66774.771980 0 0 0.667598 0.798006 9.953544 0.000916 -0.005651 0.011759 26.773438
2023-04-25T06:47:37.8006816Z 1682405257.800682 60.000000 2247 eziemag AAAAAPeiZQ0A 39.255640 -76.956960 152.600000 3 25.687500 800 -29812.403278 29269.126140 66774.117823 0 0 0.666999 0.789631 9.957133 0.001374 -0.005956 0.011454 26.796875
2023-04-25T06:48:37.8134782Z 1682405317.813478 60.000000 2250 eziemag AAAAAPeiZQ0A 39.255640 -76.956960 152.600000 3 25.687500 800 -29811.160381 29268.893914 66774.183239 0 0 0.671187 0.791426 9.950553 0.001222 -0.006261 0.011912 26.765625
2023-04-25T06:49:37.8186262Z 1682405377.818626 60.000000 2249 eziemag AAAAAPeiZQ0A 39.255640 -76.956960 152.600000 3 25.625000 800 -29812.180865 29269.175202 66774.065490 0 0 0.662812 0.785444 9.948160 0.001222 -0.006414 0.011301 26.785156
2023-04-25T06:50:37.8196917Z 1682405437.819692 60.000000 2213 eziemag AAAAAPeiZQ0A 39.255640 -76.956960 152.600000 3 25.625000 800 -29812.488319 29270.722282 66775.242972 0 0 0.668196 0.786042 9.945169 0.001374 -0.005803 0.011454 26.785156
2023-04-25T06:51:37.8380225Z 1682405497.838022 60.000000 2250 eziemag AAAAAPeiZQ0A 39.255640 -76.956960 152.600000 3 25.625000 800 -29813.610197 29270.002710 66775.720507 0 0 0.679562 0.794417 9.952347 0.000764 -0.006720 0.011759 26.761719
2023-04-25T06:52:37.8439462Z 1682405557.843946 60.000000 2252 eziemag AAAAAPeiZQ0A 39.255640 -76.956960 152.600000 3 25.625000 800 -29811.739309 29269.786838 66775.053267 0 0 0.669392 0.791426 9.949356 0.001222 -0.006720 0.012065 26.722656
2023-04-25T06:53:37.868287Z 1682405617.868287 60.000000 2251 eziemag AAAAAPeiZQ0A 39.255640 -76.956960 152.600000 3 25.687500 800 -29812.023867 29269.780297 66774.621524 0 0 0.678963 0.789631 9.944571 0.001527 -0.006109 0.011606 26.738281
2023-04-25T06:54:37.8950195Z 1682405677.895020 60.000000 2250 eziemag AAAAAPeiZQ0A 39.255640 -76.956960 152.600000 3 25.687500 800 -29811.801454 29268.916810 66773.947742 0 0 0.666999 0.794417 9.939785 0.001222 -0.006414 0.011912 26.742188
2023-04-25T06:55:37.9129052Z 1682405737.912905 60.000000 2249 eziemag AAAAAPeiZQ0A 39.255640 -76.956960 152.600000 3 25.687500 800 -29812.795772 29270.856385 66774.641148 0 0 0.666999 0.795015 9.951151 0.001374 -0.006261 0.011148 26.781250
2023-04-25T06:56:37.9327Z 1682405797.932700 60.000000 2250 eziemag AAAAAPeiZQ0A 39.255640 -76.956960 152.600000 3 25.625000 800 -29813.165371 29270.028876 66774.981310 0 0 0.669392 0.798605 9.954142 0.000916 -0.005651 0.011912 26.734375
2023-04-25T06:57:37.9405785Z 1682405857.940578 60.000000 2249 eziemag AAAAAPeiZQ0A 39.255640 -76.956960 152.600000 3 25.625000 800 -29812.288801 29269.178473 66772.717928 0 0 0.664606 0.788435 9.949356 0.001222 -0.006414 0.011912 26.757812
2023-04-25T06:58:37.966684Z 1682405917.966684 60.000000 2249 eziemag AAAAAPeiZQ0A 39.255640 -76.956960 152.600000 3 25.625000 800 -29812.259364 29270.051772 66772.704844 0 0 0.663410 0.796810 9.937392 0.001527 -0.006414 0.011759 26.746094
2023-04-25T06:59:37.9844959Z 1682405977.984496 60.000000 2248 eziemag AAAAAPeiZQ0A 39.255640 -76.956960 152.600000 3 25.625000 800 -29812.642045 29269.485926 66773.738412 0 0 0.664606 0.795015 9.950553 0.001374 -0.006261 0.011148 26.730469
